_step,_runtime,global_step,_timestamp,losses/approx_kl,losses/explained_variance,losses/old_approx_kl,losses/clipfrac,losses/policy_loss,losses/entropy,charts/learning_rate,charts/SPS,losses/value_loss,charts/episodic_length,charts/episodic_return
0,6.485785722732544,0,1763260066.7459977,,,,,,,,,,,
7,7.415808439254761,128,1763260067.6760204,0.0005309004336595535,0.6330204010009766,-0.005785072222352028,0.0,-0.01648414134979248,0.6926007270812988,0.0003000000142492354,966.0,0.8412796854972839,,
33,7.968955755233765,716,1763260068.2291677,,,,,,,,,,46.0,46.0
41,8.108883380889893,870,1763260068.3690953,,,,,,,,,,24.0,24.0
47,8.237375974655151,1000,1763260068.497588,,,,,,,,,,28.0,28.0
64,8.722053289413452,1487,1763260068.9822652,,,,,,,,,,20.0,20.0
74,9.112890720367432,1885,1763260069.3731027,,,,,,,,,,45.0,45.0
77,9.216304302215576,1965,1763260069.4765162,,,,,,,,,,28.0,28.0
88,9.557632446289062,2304,1763260069.8178444,0.00048568006604909897,0.42187047004699707,-0.008798732422292233,0.0,-0.004794325679540634,0.5325745344161987,0.00029869432910345495,1013.0,0.675320029258728,,
102,9.976393222808838,2776,1763260070.2366052,,,,,,,,,,33.0,33.0
104,10.060557842254639,2816,1763260070.3207698,0.000288194976747036,0.3833361268043518,-0.0028158826753497124,0.0,-0.00015331804752349854,0.4563155472278595,0.00029838710906915367,1013.0,0.8284451961517334,,
133,10.788301944732666,3584,1763260071.048514,0.00036369170993566513,0.33437782526016235,0.007256646640598774,0.0,-0.01478433609008789,0.49765872955322266,0.00029792627901770175,1022.0,0.5476776957511902,,
147,11.095864057540894,3925,1763260071.356076,,,,,,,,,,24.0,24.0
149,11.182275772094727,3968,1763260071.4424877,4.435982555150986e-05,0.29531317949295044,-0.00023836735635995865,0.0,-0.002784314565360546,0.47555989027023315,0.0002976958639919758,1017.0,1.8243056535720825,,
150,11.184378623962402,3969,1763260071.4445906,,,,,,,,,,24.0,24.0
155,11.305377006530762,4096,1763260071.565589,0.0002263672649860382,0.44308871030807495,-0.001405293121933937,0.0,6.503239274024963e-05,0.48529261350631714,0.00029761905898340046,1018.0,1.1569191217422485,,
157,11.31682538986206,4116,1763260071.5770373,,,,,,,,,,19.0,19.0
195,12.12500810623169,4923,1763260072.38522,,,,,,,,,,35.0,35.0
203,12.348755598068237,5138,1763260072.6089675,,,,,,,,,,29.0,29.0
213,12.604952096939087,5427,1763260072.865164,,,,,,,,,,31.0,31.0
217,12.721638441085815,5546,1763260072.9818504,,,,,,,,,,53.0,53.0
228,13.013245582580566,5853,1763260073.2734575,,,,,,,,,,39.0,39.0
233,13.217243432998657,6016,1763260073.4774554,0.0004631113260984421,0.8546960353851318,0.0022792238742113113,0.0,-0.0037730056792497635,0.4093635678291321,0.00029646698385477066,1013.0,0.7461119890213013,,
251,13.851621150970459,6714,1763260074.111833,,,,,,,,,,48.0,48.0
259,14.264308452606201,7040,1763260074.5245204,0.0009114351123571396,0.8359899520874023,0.002637360244989395,0.0,-0.01771301031112671,0.46063417196273804,0.0002958525437861681,1008.0,5.742815017700195,,
265,14.512669801712036,7296,1763260074.7728817,0.0001948019489645958,0.9741056561470032,-0.0023096585646271706,0.0,0.0038138702511787415,0.46399521827697754,0.00029569893376901746,1009.0,0.6272816061973572,,
273,14.785529851913452,7658,1763260075.0457418,,,,,,,,,,60.0,60.0
274,14.861487865447998,7680,1763260075.1216998,0.0009950632229447365,0.9844141602516174,0.008582518436014652,0.0,-0.008725486695766449,0.4251605272293091,0.0002954685187432915,1013.0,0.28831756114959717,,
292,15.580051183700562,8448,1763260075.8402631,0.0001133996993303299,0.17145568132400513,-0.0006089136004447937,0.0,-0.003718562424182892,0.4597802758216858,0.0002950076886918396,1018.0,0.38119474053382874,,
327,17.338666439056396,9973,1763260077.5988784,,,,,,,,,,128.0,128.0
330,17.478270769119263,10055,1763260077.7384827,,,,,,,,,,29.0,29.0
332,17.599920988082886,10112,1763260077.860133,0.0003376957029104233,0.979344367980957,0.00043855607509613037,0.0,-0.005188684910535812,0.37117695808410645,0.0002940092235803604,980.0,0.4654773771762848,,
337,17.807681560516357,10365,1763260078.0678935,,,,,,,,,,86.0,86.0
340,17.93429732322693,10471,1763260078.1945093,,,,,,,,,,60.0,60.0
370,19.436030387878418,11788,1763260079.6962423,,,,,,,,,,39.0,39.0
396,20.71395254135132,13072,1763260080.9741645,,,,,,,,,,104.0,104.0
425,21.92668890953064,14330,1763260082.1869009,,,,,,,,,,59.0,59.0
441,22.49918484687805,14907,1763260082.7593968,,,,,,,,,,45.0,45.0
450,23.021957635879517,15360,1763260083.2821696,0.0015289876610040665,0.9876570105552673,-0.006312098354101181,0.0,-0.00013344734907150269,0.40201708674430847,0.0002908602182287723,975.0,0.25777021050453186,,
471,23.757277488708496,16128,1763260084.0174894,3.1881965696811676e-05,0.9838904738426208,0.00037340354174375534,0.0,-0.0011958256363868713,0.42298823595046997,0.00029039938817732036,979.0,0.8362473249435425,,
481,24.174107313156128,16512,1763260084.4343193,0.0002744430676102638,0.9776627421379089,-6.802845746278763e-05,0.0,0.004901282489299774,0.41610008478164673,0.0002901689731515944,977.0,0.5051369667053223,,
490,24.529494285583496,16896,1763260084.7897062,0.0001409873366355896,0.7650055885314941,0.0001963190734386444,0.0,0.0016041025519371033,0.36023736000061035,0.00028993855812586844,979.0,0.36593106389045715,,
504,25.063631057739258,17408,1763260085.323843,0.0006132954731583595,0.907638669013977,-0.00412993598729372,0.0,-0.004138335585594177,0.4233052134513855,0.00028963133809156716,979.0,0.34301209449768066,,
515,25.4330997467041,17832,1763260085.6933117,,,,,,,,,,41.0,41.0
530,26.087926864624023,18478,1763260086.3481388,,,,,,,,,,81.0,81.0
539,26.44486141204834,18816,1763260086.7050734,9.895768016576767e-05,0.9896187782287598,0.0027329428121447563,0.0,-0.0013722851872444153,0.35444220900535583,0.00028878648299723864,981.0,1.3025975227355957,,
547,26.810881853103638,19200,1763260087.0710938,0.00044338032603263855,0.9087862372398376,0.0022985823452472687,0.0,-0.006618347018957138,0.36252322793006897,0.0002885560679715127,983.0,2.0905401706695557,,
555,27.220916509628296,19584,1763260087.4811285,4.884321242570877e-05,0.9951300621032715,-0.00022028852254152298,0.0,-0.0019358545541763306,0.38899850845336914,0.0002883256529457867,982.0,0.25475895404815674,,
559,27.341771125793457,19718,1763260087.601983,,,,,,,,,,44.0,44.0
568,27.61854577064514,20068,1763260087.8787577,,,,,,,,,,43.0,43.0
595,28.753007650375366,21185,1763260089.0132196,,,,,,,,,,77.0,77.0
614,29.53027892112732,21907,1763260089.7904909,,,,,,,,,,58.0,58.0
630,30.279589414596558,22656,1763260090.5398014,3.342423588037491e-05,-0.016667962074279785,0.0002547958865761757,0.0,-0.0020878612995147705,0.3783798813819885,0.00028648233273997903,985.0,0.32220688462257385,,
636,30.518336534500122,22912,1763260090.7785485,0.002715630456805229,0.922782838344574,0.0050315894186496735,0.0078125,-0.0331573523581028,0.3662717938423157,0.0002863287227228284,986.0,2.3431098461151123,,
640,30.75029730796814,23168,1763260091.0105093,0.0009456612169742584,0.9925057291984558,0.0010314900428056717,0.0,-0.023870542645454407,0.3751867115497589,0.00028617511270567775,987.0,0.20932196080684662,,
664,31.757091760635376,24198,1763260092.0173037,,,,,,,,,,45.0,45.0
684,32.51240086555481,24962,1763260092.7726128,,,,,,,,,,37.0,37.0
689,32.65979623794556,25164,1763260092.9200082,,,,,,,,,,65.0,65.0
698,32.99981927871704,25524,1763260093.2600312,,,,,,,,,,51.0,51.0
707,33.484644174575806,25984,1763260093.744856,0.001757269725203514,-0.0063353776931762695,-0.0021264608949422836,0.021484375,0.004987895488739014,0.3922370672225952,0.0002844854025170207,991.0,0.2490725964307785,,
729,34.66723895072937,27264,1763260094.927451,0.006702573038637638,0.06073462963104248,0.013200407847762108,0.01953125,0.007233370095491409,0.4390377402305603,0.0002837173524312675,995.0,0.19323982298374176,,
757,36.22748565673828,28989,1763260096.4876976,,,,,,,,,,119.0,119.0
767,36.87767052650452,29584,1763260097.1378825,,,,,,,,,,75.0,75.0
775,37.3405704498291,30080,1763260097.6007824,0.00014383532106876373,0.3037402629852295,-0.0010195691138505936,0.0,0.0013426896184682846,0.48108959197998047,0.00028202764224261045,1000.0,0.1265588402748108,,
788,38.06342315673828,30848,1763260098.323635,0.0060565294697880745,0.6666433811187744,0.028253693133592606,0.041015625,-0.02170911803841591,0.4588262438774109,0.00028156681219115853,1002.0,0.10925574600696564,,
797,38.43169045448303,31276,1763260098.6919024,,,,,,,,,,95.0,95.0
806,38.92671799659729,31796,1763260099.18693,,,,,,,,,,85.0,85.0
863,42.04242563247681,35121,1763260102.3026376,,,,,,,,,,110.0,110.0
872,42.54833793640137,35584,1763260102.80855,0.0016782507300376892,0.7961753606796265,0.006429735571146011,0.0,-0.022066781297326088,0.5132067799568176,0.0002787250268738717,1009.0,5.045589923858643,,
876,42.69378423690796,35757,1763260102.9539962,,,,,,,,,,61.0,61.0
922,45.43286061286926,38400,1763260105.6930726,0.0016842242330312729,0.954258143901825,-0.000408196821808815,0.0,-0.01855485513806343,0.5014995336532593,0.00027703531668521464,1006.0,0.24711020290851593,,
930,45.804245948791504,38784,1763260106.064458,0.0009697703644633293,0.986243486404419,-0.004930735565721989,0.001953125,0.0008772015571594238,0.44479718804359436,0.0002768049016594887,1006.0,4.080016613006592,,
938,46.24743056297302,39242,1763260106.5076425,,,,,,,,,,44.0,44.0
941,46.38257384300232,39400,1763260106.6427858,,,,,,,,,,60.0,60.0
942,46.46703767776489,39424,1763260106.7272496,0.003207792527973652,0.8553135395050049,-0.01613006740808487,0.021484375,0.004125662613660097,0.4531565308570862,0.0002764208766166121,1006.0,5.536617279052734,,
948,46.84149122238159,39808,1763260107.1017032,0.013461812399327755,0.9887381196022034,0.037714336067438126,0.056640625,-0.03703387454152107,0.520445704460144,0.00027619049069471657,1006.0,0.5378645062446594,,
974,48.15598177909851,41137,1763260108.4161937,,,,,,,,,,81.0,81.0
980,48.451882123947144,41371,1763260108.712094,,,,,,,,,,70.0,70.0
985,48.6872661113739,41600,1763260108.947478,0.0016957055777311325,0.9415053725242615,0.019266853109002113,0.00390625,0.003117164596915245,0.4791291356086731,0.0002751152205746621,1004.0,16.601503372192383,,
995,49.096017599105835,42103,1763260109.3562295,,,,,,,,,,73.0,73.0
997,49.20872139930725,42197,1763260109.4689333,,,,,,,,,,94.0,94.0
1015,49.94283628463745,42896,1763260110.2030482,,,,,,,,,,65.0,65.0
1031,50.70075559616089,43648,1763260110.9609675,0.00010269973427057266,0.8183102011680603,6.797071546316147e-05,0.0,0.00025451183319091797,0.5409494638442993,0.00027388634043745697,1005.0,0.14005929231643677,,
1050,51.341477394104004,44385,1763260111.6016893,,,,,,,,,,63.0,63.0
1053,51.54302406311035,44524,1763260111.803236,,,,,,,,,,46.0,46.0
1058,51.79153394699097,44672,1763260112.051746,1.5665777027606964e-05,0.562920868396759,0.0027916831895709038,0.0,-0.0018928609788417816,0.40530169010162354,0.0002732719003688544,1003.0,10.549249649047852,,
1083,52.80087399482727,45708,1763260113.061086,,,,,,,,,,89.0,89.0
1091,53.176759243011475,46171,1763260113.4369712,,,,,,,,,,85.0,85.0
1106,53.89802122116089,46850,1763260114.1582332,,,,,,,,,,78.0,78.0
1118,54.47970485687256,47488,1763260114.7399168,0.0008400864899158478,0.9616895914077759,0.009075235575437546,0.0,0.004168901592493057,0.45908641815185547,0.00027158219018019736,1006.0,15.480798721313477,,
1125,54.781923055648804,47803,1763260115.042135,,,,,,,,,,46.0,46.0
1133,55.23556923866272,48256,1763260115.4957812,0.00833704974502325,0.999049961566925,0.005099442787468433,0.013671875,-0.04242445155978203,0.5056513547897339,0.00027112136012874544,1006.0,0.1831015795469284,,
1145,55.702659606933594,48768,1763260115.9628716,0.0038531189784407616,0.9715901613235474,-0.012807623483240604,0.01171875,-0.004620540887117386,0.467139333486557,0.00027081414009444416,1007.0,0.4996132254600525,,
1164,56.5935583114624,49664,1763260116.8537703,0.0015100892633199692,0.9943761825561523,0.001468416303396225,0.00390625,-0.001316659152507782,0.4402965009212494,0.0002702765050344169,1007.0,0.24462580680847168,,
1172,57.02644991874695,50096,1763260117.2866619,,,,,,,,,,80.0,80.0
1181,57.48586082458496,50560,1763260117.7460728,0.003367241472005844,0.9992573857307434,-0.0140623077750206,0.00390625,0.004447661340236664,0.4861045181751251,0.00026973886997438967,1007.0,0.12941142916679382,,
1186,57.71794366836548,50816,1763260117.9781556,0.00017068348824977875,0.9729657769203186,0.0034822411835193634,0.0,0.007327685132622719,0.5493722558021545,0.00026958525995723903,1007.0,0.09183654189109802,,
1197,58.35366606712341,51456,1763260118.613878,0.00046113040298223495,0.998888373374939,-0.001539149321615696,0.0,0.004856280982494354,0.47314453125,0.00026920123491436243,1007.0,0.12001508474349976,,
1213,59.31792879104614,52481,1763260119.5781407,,,,,,,,,,182.0,182.0
1215,59.457823753356934,52689,1763260119.7180357,,,,,,,,,,208.0,208.0
1226,60.459285497665405,53760,1763260120.7194974,0.004770298488438129,0.9861382246017456,0.006304631941020489,0.005859375,-0.02783656120300293,0.4613262116909027,0.00026781874476000667,1010.0,0.5100184679031372,,
1230,60.799227237701416,54144,1763260121.0594392,0.001398872584104538,0.9775813221931458,-0.0068674590438604355,0.00390625,-0.0035274140536785126,0.4736083745956421,0.0002675883297342807,1011.0,0.015514745377004147,,
1234,61.17035436630249,54528,1763260121.4305663,0.006655910052359104,0.9911997318267822,0.0158686600625515,0.0078125,-0.02477271296083927,0.4965398609638214,0.00026735791470855474,1011.0,0.06609483808279037,,
1245,62.20091652870178,55680,1763260122.4611285,0.02197258360683918,0.775591254234314,0.027808627113699913,0.1015625,-0.08910173177719116,0.5159609913825989,0.00026666666963137686,1013.0,0.007214279845356941,,
1254,62.99009394645691,56576,1763260123.250306,0.0046766214072704315,0.9336634278297424,-0.007491676136851311,0.08203125,-0.013617679476737976,0.5049617886543274,0.0002661290345713496,1015.0,0.008615688420832157,,
1271,64.53059720993042,58289,1763260124.7908092,,,,,,,,,,500.0,500.0
1299,67.16366219520569,61184,1763260127.4238741,0.030410457402467728,0.13138926029205322,-0.03314411640167236,0.24609375,0.02877223491668701,0.4003276526927948,0.0002633640542626381,1021.0,0.0003940247115679085,,
1339,70.94458794593811,65280,1763260131.2048,0.005893104709684849,0.05566811561584473,0.024994153529405594,0.01171875,-0.022484585642814636,0.3545861840248108,0.00026090629398822784,1025.0,1.066411095962394e-05,,
1340,70.95089840888977,65289,1763260131.2111104,,,,,,,,,,500.0,500.0
1363,73.1907103061676,67712,1763260133.4509223,0.008070174604654312,-0.03693366050720215,0.02545257844030857,0.01171875,-0.02802758291363716,0.3488520383834839,0.00025944699882529676,1027.0,0.0001833302085287869,,
1365,73.31435298919678,67840,1763260133.574565,0.01784614846110344,-0.002131342887878418,-0.021603984758257866,0.037109375,0.013565918430685997,0.302542120218277,0.00025937019381672144,1027.0,0.01034181471914053,,
1370,73.7945945262909,68352,1763260134.0548065,0.007830367423593998,-0.002830028533935547,0.017847701907157898,0.01953125,0.006035313010215759,0.3594452440738678,0.00025906297378242016,1027.0,0.01637215167284012,,
1380,75.32632231712341,69376,1763260135.5865343,0.003931214101612568,-0.0035512447357177734,-0.011208475567400455,0.03515625,-0.0029652100056409836,0.30259183049201965,0.0002584485337138176,1019.0,11.070405960083008,,
1381,75.51609301567078,69504,1763260135.776305,1.1513940989971161e-05,0.9206909537315369,0.0006100526079535484,0.0,-0.0007579922676086426,0.32445281744003296,0.0002583717287052423,1018.0,0.0015436694957315922,,
1388,76.77029061317444,70272,1763260137.0305026,0.002696751616895199,-0.047289252281188965,0.024189883843064308,0.015625,-0.00240260548889637,0.30654796957969666,0.00025791089865379035,1011.0,6.123899947851896e-05,,
1395,77.89018249511719,70912,1763260138.1503944,9.363610297441483e-05,-0.0031679868698120117,-0.00019592326134443283,0.0,0.00043388456106185913,0.26113227009773254,0.00025752687361091375,1004.0,0.018144899979233742,,
1399,78.58153080940247,71296,1763260138.8417428,0.0058696335181593895,-0.000870823860168457,-0.024511214345693588,0.015625,-0.0023867199197411537,0.32067006826400757,0.0002572964585851878,999.0,0.013281322084367275,,
1405,79.68808317184448,71936,1763260139.948295,0.00689986627548933,0.966296374797821,0.032752081751823425,0.01171875,-0.0353270061314106,0.36935463547706604,0.0002569124335423112,993.0,0.0071630352176725864,,
1432,85.52751159667969,74752,1763260145.7877235,0.020351331681013107,-0.03644132614135742,0.0003599664196372032,0.095703125,0.0003236941993236542,0.3076188564300537,0.00025522272335365415,955.0,0.00034406865597702563,,
1433,85.5835747718811,74789,1763260145.8437867,,,,,,,,,,500.0,500.0
1455,89.6627984046936,77056,1763260149.9230103,0.003579016774892807,0.48688966035842896,-0.0015825927257537842,0.02734375,-0.017696283757686615,0.26194584369659424,0.0002538402331992984,935.0,0.00034300595871172845,,
1456,89.84715247154236,77184,1763260150.1073644,0.01148177869617939,0.017812907695770264,0.06372463703155518,0.04296875,0.02786078117787838,0.3256516754627228,0.00025376342819072306,934.0,0.0006450856453739107,,
1457,89.90194725990295,77289,1763260150.1621592,,,,,,,,,,500.0,500.0
1514,99.64228510856628,83072,1763260159.902497,0.001750013791024685,0.5363633632659912,0.0033371327444911003,0.001953125,-0.01835162565112114,0.24117955565452576,0.0002502304269000888,899.0,5.572788722929545e-06,,
1521,100.73596525192261,83789,1763260160.9961772,,,,,,,,,,500.0,500.0
1527,101.78086876869202,84352,1763260162.0410807,0.0037211496382951736,-0.0008983612060546875,0.007137557491660118,0.044921875,-0.013675298541784286,0.26948562264442444,0.0002494623768143356,892.0,138.4242706298828,,
1529,102.19514179229736,84608,1763260162.4553537,0.008063220418989658,0.203934907913208,0.008142306469380856,0.0625,-0.009018868207931519,0.3052119016647339,0.00024930876679718494,891.0,2.0462593965930864e-06,,
1534,103.0639135837555,85120,1763260163.3241255,0.022730644792318344,0.17437976598739624,0.04932942986488342,0.05859375,-0.016881756484508514,0.30447888374328613,0.00024900154676288366,888.0,2.1682551960111596e-05,,
1536,103.32236361503601,85289,1763260163.5825756,,,,,,,,,,500.0,500.0
1543,104.58446955680847,86016,1763260164.8446815,0.0033415844663977623,0.7330061197280884,0.0051904404535889626,0.00390625,-0.002123492769896984,0.2863105535507202,0.0002484639117028564,884.0,0.0022270381450653076,,
1545,104.98531651496887,86272,1763260165.2455285,0.011888770386576653,-0.0493696928024292,-0.01771857589483261,0.041015625,0.0021991990506649017,0.29003211855888367,0.0002483103016857058,883.0,9.254299948224798e-05,,
1546,105.03355169296265,86289,1763260165.2937636,,,,,,,,,,500.0,500.0
1558,107.17137432098389,87552,1763260167.4315863,0.002522706985473633,0.4670429825782776,0.0005398225039243698,0.00390625,0.01340832095593214,0.22241844236850739,0.0002475422515999526,876.0,6.124848732724786e-05,,
1559,107.38394117355347,87680,1763260167.644153,0.001362624578177929,-0.01637136936187744,8.33636149764061e-05,0.0,-0.02116190642118454,0.1638740599155426,0.00024746544659137726,875.0,8.777611219557002e-05,,
1563,108.02668285369873,88064,1763260168.2868948,0.0005342178046703339,0.4056057333946228,0.0022193118929862976,0.0,-0.0009904950857162476,0.2282528430223465,0.0002472350315656513,874.0,6.856828258605674e-05,,
1566,108.45668482780457,88320,1763260168.7168968,0.004847793839871883,-0.0006351470947265625,0.03800400346517563,0.078125,0.006287101656198502,0.1906573623418808,0.00024708142154850066,872.0,1.0604841709136963,,
1589,112.30302882194519,90752,1763260172.5632408,0.013265321962535381,-0.04188251495361328,0.009135563857853413,0.0390625,-0.032138675451278687,0.27110862731933594,0.00024562212638556957,864.0,6.0712391132256016e-05,,
1597,113.45473980903625,91520,1763260173.7149518,0.012842233292758465,0.6565868258476257,0.04151284694671631,0.064453125,-0.03300981968641281,0.2259480059146881,0.00024516129633411765,862.0,0.0005437631625682116,,
1607,115.04724049568176,92544,1763260175.3074524,0.012836029753088951,0.3618507981300354,0.04871772974729538,0.1328125,0.0005023851990699768,0.23317939043045044,0.0002445468562655151,858.0,0.0002543573791626841,,
1609,115.31173181533813,92789,1763260175.5719438,,,,,,,,,,500.0,500.0
1610,115.48964023590088,92800,1763260175.7498522,0.001994173042476177,-0.0003085136413574219,0.005717108957469463,0.0078125,-0.0016917586326599121,0.25303080677986145,0.00024439324624836445,857.0,0.009328422136604786,,
1626,118.26194620132446,94464,1763260178.5221581,0.0031128395348787308,0.9118483066558838,-0.000803779810667038,0.037109375,0.012322753667831421,0.19352169334888458,0.00024339478113688529,851.0,0.004552361089736223,,
1638,120.63335585594177,95744,1763260180.8935678,0.0018436647951602936,-0.03255152702331543,0.0034383870661258698,0.0,0.00425463542342186,0.17699892818927765,0.00024262673105113208,844.0,9.856254473561421e-05,,
1687,129.88072991371155,100736,1763260190.1409419,0.006525673903524876,-0.03603827953338623,0.045076046139001846,0.080078125,-0.028925195336341858,0.18446573615074158,0.0002396313357166946,821.0,0.00012268891441635787,,
1732,137.41151213645935,105289,1763260197.671724,,,,,,,,,,500.0,500.0
1745,139.69672060012817,106624,1763260199.9569325,0.019568823277950287,-0.027818918228149414,0.0498385950922966,0.060546875,0.05521013215184212,0.3198857009410858,0.00023609830532222986,805.0,0.0001654732332099229,,
1753,140.93834781646729,107392,1763260201.1985598,0.006833086721599102,-0.00038886070251464844,0.03342617303133011,0.046875,-0.0317835658788681,0.2125193476676941,0.00023563747527077794,803.0,0.012881829403340816,,
1754,141.13503050804138,107520,1763260201.3952425,0.0038610054180026054,0.33297014236450195,-0.00813290011137724,0.025390625,0.006384257227182388,0.20536282658576965,0.00023556067026220262,803.0,0.0016614529304206371,,
1765,143.04063296318054,108672,1763260203.300845,0.0004728427156805992,-0.03536689281463623,-0.0027630040422081947,0.0,0.009857315570116043,0.24925744533538818,0.00023486942518502474,800.0,3.822160215349868e-05,,
1768,143.50328969955444,108928,1763260203.7635016,0.00030156131833791733,0.9642006158828735,-7.420312613248825e-05,0.0,-0.0011168420314788818,0.2540249526500702,0.0002347158151678741,799.0,0.0012079885927960277,,
1777,145.01129412651062,109824,1763260205.271506,0.005339673720300198,-0.00028204917907714844,0.036474213004112244,0.06640625,0.006990209221839905,0.25757837295532227,0.00023417819465976208,797.0,12.444114685058594,,
1818,151.9993667602539,114048,1763260212.2595787,0.0027502402663230896,0.001756131649017334,0.0032006222754716873,0.025390625,0.004966065287590027,0.22105440497398376,0.00023164362937677652,788.0,9.757629595696926e-05,,
1823,152.8685166835785,114560,1763260213.1287286,0.004001402296125889,0.056849777698516846,0.014269000850617886,0.005859375,-0.006591444835066795,0.23544497787952423,0.00023133640934247524,786.0,0.00018884225573856384,,
1851,157.66200733184814,117376,1763260217.9222193,0.014626067131757736,-0.00016057491302490234,0.003323374316096306,0.0234375,0.0024462472647428513,0.18548652529716492,0.0002296466991538182,780.0,1.086431860923767,,
1856,158.54757833480835,117888,1763260218.8077903,0.00013832002878189087,-0.00019693374633789062,0.004585567861795425,0.009765625,-0.0003992002457380295,0.20527195930480957,0.0002293394791195169,779.0,154.573974609375,,
1868,160.64393782615662,119168,1763260220.9041498,0.004102038219571114,-0.02099740505218506,0.02278047427535057,0.041015625,0.005290104076266289,0.17304062843322754,0.0002285714290337637,777.0,4.481302676140331e-05,,
1873,161.486159324646,119680,1763260221.7463713,0.04167334735393524,-0.022102952003479004,-0.0805978775024414,0.05078125,0.09759605675935745,0.21921047568321228,0.00022826420899946243,776.0,6.968499656068161e-05,,
1877,162.15044689178467,120064,1763260222.4106588,0.007981322705745697,-0.01583397388458252,0.01449011079967022,0.0546875,-0.0023295190185308456,0.11642011255025864,0.00022803379397373646,775.0,7.13283006916754e-05,,
1886,163.65474390983582,120960,1763260223.9149559,0.0013824384659528732,0.5080732703208923,0.014838220551609993,0.05078125,-0.02089109644293785,0.15885695815086365,0.00022749615891370922,773.0,0.0004385431529954076,,
1903,166.60857725143433,122752,1763260226.8687892,0.0018254229798913002,-0.010892987251281738,-0.0035359496250748634,0.0625,-0.001717895269393921,0.1798553764820099,0.00022642088879365474,770.0,5.173487807041965e-07,,
1906,167.06310033798218,123008,1763260227.3233123,0.002939356490969658,0.07587087154388428,-0.005509853363037109,0.01171875,-0.009349517524242401,0.2509955167770386,0.0002262672787765041,769.0,0.00010173120244871825,,
1918,169.15225529670715,124288,1763260229.4124672,4.709698259830475e-06,-0.01186680793762207,-0.0002724798396229744,0.005859375,0.00011277757585048676,0.1662510335445404,0.0002254992286907509,767.0,0.00011584698222577572,,
1920,169.39556908607483,124416,1763260229.655781,0.0019205976277589798,-0.00011837482452392578,-0.011117355898022652,0.00390625,0.0147386584430933,0.0987497866153717,0.00022542242368217558,767.0,0.0017296199221163988,,
1945,173.5812792778015,126976,1763260233.8414912,0.013053461909294128,0.12484288215637207,0.020342040807008743,0.0390625,-0.01873679645359516,0.29693448543548584,0.00022388632351066917,763.0,0.004158513620495796,,
1959,175.8879690170288,128384,1763260236.148181,0.00010582245886325836,-0.00016891956329345703,-0.005793638527393341,0.0,-0.0010690800845623016,0.21374689042568207,0.00022304146841634065,761.0,143.19387817382812,,
1973,178.20134115219116,129792,1763260238.461553,0.0002162223681807518,-1.71661376953125e-05,0.004535595886409283,0.0,0.0006704982370138168,0.23458226025104523,0.00022219661332201213,759.0,0.09698845446109772,,
1985,180.2155385017395,131072,1763260240.4757504,5.559530109167099e-05,-0.025391340255737305,0.00016176793724298477,0.0,-0.00018187612295150757,0.2874673008918762,0.00022142857778817415,757.0,0.00012058659922331572,,
1991,181.20460271835327,131712,1763260241.4648147,0.0009215287864208221,-0.012700557708740234,0.0008651148527860641,0.080078125,0.0025336388498544693,0.1993308961391449,0.00022104455274529755,757.0,7.516560799558647e-06,,
2002,182.87709498405457,132789,1763260243.137307,,,,,,,,,,500.0,500.0
2007,183.70401811599731,133289,1763260243.96423,,,,,,,,,,500.0,500.0
2016,185.25987458229065,134272,1763260245.5200865,0.024799592792987823,-0.006669878959655762,0.032952263951301575,0.064453125,0.03425384312868118,0.25704264640808105,0.00021950845257379115,754.0,2.9346938390517607e-07,,
2019,185.66211104393005,134528,1763260245.922323,0.0021991608664393425,-0.018021106719970703,-0.013439877890050411,0.001953125,-0.002774817869067192,0.16701346635818481,0.0002193548425566405,754.0,0.0013017249293625355,,
2024,186.45300459861755,135040,1763260246.7132165,0.0038750059902668,-0.02570164203643799,-0.01707606390118599,0.04296875,-0.013782692141830921,0.21654033660888672,0.00021904762252233922,753.0,0.0019417671719565988,,
2027,186.86805272102356,135296,1763260247.1282647,0.004891213960945606,-3.075599670410156e-05,0.020703211426734924,0.126953125,0.018953707069158554,0.23657821118831635,0.00021889401250518858,753.0,0.010024188086390495,,
2034,188.06351161003113,136064,1763260248.3237236,0.034852996468544006,-0.02354717254638672,0.05912432074546814,0.0572916679084301,-0.02787378989160061,0.2557997703552246,0.00021843318245373666,752.0,8.491066546412185e-05,,
2045,189.79691004753113,137216,1763260250.057122,0.006495521403849125,-0.007053375244140625,0.0050345370545983315,0.005859375,-0.012831062078475952,0.22028964757919312,0.00021774193737655878,751.0,1.5397010429296643e-05,,
2051,190.59105467796326,137789,1763260250.8512666,,,,,,,,,,500.0,500.0
2052,190.7878222465515,137856,1763260251.0480342,0.03922969847917557,-6.532669067382812e-05,0.09534725546836853,0.060546875,-0.014417169615626335,0.21807505190372467,0.00021735791233368218,751.0,142.53314208984375,,
2070,193.70649814605713,139776,1763260253.96671,0.00041350722312927246,-0.002908945083618164,0.0042685288935899734,0.0,0.003950819373130798,0.24842606484889984,0.00021620583720505238,749.0,3.3811429602792487e-06,,
2076,194.54095649719238,140289,1763260254.8011684,,,,,,,,,,500.0,500.0
2093,197.24991917610168,142080,1763260257.5101311,0.003068111836910248,-0.018057823181152344,-0.014112239703536034,0.044921875,0.007774844765663147,0.2168354094028473,0.0002148233470506966,747.0,0.0002985823666676879,,
2094,197.43107223510742,142208,1763260257.6912842,0.000318002887070179,-0.005916595458984375,-0.006083237938582897,0.0,0.007016107439994812,0.28433382511138916,0.0002147465420421213,747.0,8.561048161936924e-05,,
2117,200.9409794807434,144512,1763260261.2011914,0.0029919790104031563,-0.022022008895874023,0.0020710816606879234,0.001953125,-0.0070273131132125854,0.25218820571899414,0.00021336405188776553,746.0,0.00046526198275387287,,
2146,205.40615510940552,147456,1763260265.666367,0.0002310425043106079,-0.005942225456237793,-0.004995139315724373,0.0,0.006289336830377579,0.23110808432102203,0.00021159753669053316,744.0,0.0018107719952240586,,
2148,205.78430461883545,147712,1763260266.0445166,0.002939346246421337,-0.003913760185241699,0.023670777678489685,0.06640625,-0.03029334917664528,0.2904367744922638,0.00021144392667338252,744.0,8.961296771303751e-07,,
2155,206.7598593235016,148352,1763260267.0200713,0.00016884785145521164,-3.6597251892089844e-05,-0.0022567519918084145,0.0,-0.0004384610801935196,0.16958755254745483,0.00021105990163050592,743.0,143.4431915283203,,
2172,209.43609046936035,150144,1763260269.6963024,0.0016051866114139557,-0.005698561668395996,-0.016308579593896866,0.044921875,-0.002904951572418213,0.16448478400707245,0.00020998464606236666,742.0,1.7766225937521085e-05,,
2185,211.41988849639893,151424,1763260271.6801004,0.0028499942272901535,0.32804346084594727,0.014489815570414066,0.001953125,-0.028605815023183823,0.19683977961540222,0.00020921659597661346,741.0,0.002829036209732294,,
2192,212.58233261108398,152192,1763260272.8425446,0.014468036592006683,-0.0037723779678344727,-0.01899763196706772,0.0546875,-0.03487583249807358,0.24207238852977753,0.00020875576592516154,741.0,0.00017968888278119266,,
2198,213.39028334617615,152789,1763260273.6504953,,,,,,,,,,500.0,500.0
2199,213.57305216789246,152832,1763260273.833264,0.0033751176670193672,-4.2438507080078125e-05,0.01866926997900009,0.0546875,-0.03125700727105141,0.2323148250579834,0.00020837174088228494,740.0,0.0960443764925003,,
2211,215.50174188613892,154112,1763260275.7619538,0.009557867422699928,-0.007555365562438965,0.01623479276895523,0.052734375,0.058662012219429016,0.24430882930755615,0.00020760369079653174,740.0,0.0001019127230392769,,
2214,215.92747735977173,154368,1763260276.1876893,0.0058025773614645,-2.491474151611328e-05,-0.00940483994781971,0.01953125,-0.019909001886844635,0.2772727310657501,0.0002074500807793811,739.0,12.63116455078125,,
2220,216.9113199710846,155008,1763260277.171532,0.001442556269466877,-0.018943428993225098,0.005465208552777767,0.009765625,0.002354416996240616,0.19179779291152954,0.0002070660557365045,739.0,0.001965109258890152,,
2223,217.34864234924316,155289,1763260277.6088543,,,,,,,,,,500.0,500.0
2225,217.70161032676697,155520,1763260277.9618223,0.00020719878375530243,-0.0173032283782959,-0.001895226538181305,0.025390625,0.0016245320439338684,0.20354372262954712,0.00020675883570220321,739.0,0.0030199196189641953,,
2226,217.88434863090515,155648,1763260278.1445606,0.0026595070958137512,-0.003969311714172363,0.025807848200201988,0.0234375,-0.0329122394323349,0.21163198351860046,0.0002066820306936279,739.0,3.4522807254688814e-05,,
2227,218.0683696269989,155776,1763260278.3285816,0.013923030346632004,-0.00045287609100341797,0.06088830158114433,0.109375,-0.018469423055648804,0.29417091608047485,0.00020660522568505257,739.0,2.630284143378958e-06,,
2235,219.11692237854004,156544,1763260279.3771343,0.0007108356803655624,-0.01238393783569336,0.0020095929503440857,0.001953125,0.000462457537651062,0.18056584894657135,0.00020614439563360065,738.0,3.233425741200335e-05,,
2241,219.9634609222412,157184,1763260280.2236729,0.004443655721843243,-0.0034384727478027344,0.007914143614470959,0.107421875,-0.0048667024821043015,0.15523241460323334,0.00020576037059072405,739.0,6.365538865793496e-05,,
2248,220.96809196472168,157824,1763260281.228304,0.004351570270955563,-1.8596649169921875e-05,-0.029072415083646774,0.017578125,-0.004414740949869156,0.21002942323684692,0.00020537634554784745,738.0,143.32574462890625,,
2250,221.33534240722656,158080,1763260281.5955544,0.0010885214433073997,-0.009763240814208984,0.008052770979702473,0.0,-0.012043757364153862,0.24236750602722168,0.0002052227355306968,738.0,0.0003258747747167945,,
2253,221.7465877532959,158336,1763260282.0067997,0.006019748747348785,-3.4689903259277344e-05,0.033687151968479156,0.009765625,0.005025511607527733,0.17956960201263428,0.00020506912551354617,738.0,1.0922170877456665,,
2272,224.64457488059998,160289,1763260284.9047868,,,,,,,,,,500.0,500.0
2280,225.97275686264038,161152,1763260286.2329688,0.006967478431761265,-0.0034852027893066406,0.010179317556321621,0.064453125,0.0028980206698179245,0.1659182459115982,0.00020337941532488912,736.0,5.4189069487620145e-05,,
2295,228.24847888946533,162688,1763260288.5086908,0.009835336357355118,-0.0016651153564453125,0.03123334050178528,0.076171875,-0.018695766106247902,0.1679532527923584,0.00020245775522198528,736.0,6.182517608976923e-07,,
2298,228.65169143676758,162944,1763260288.9119034,0.009530547074973583,-0.01867091655731201,0.03285054862499237,0.029296875,-0.0012850165367126465,0.2620026469230652,0.00020230414520483464,736.0,0.0019062072969973087,,
2310,230.54981923103333,164224,1763260290.8100312,0.003570122644305229,-0.002730250358581543,-0.017512122169137,0.013671875,-0.007321447134017944,0.1919582039117813,0.00020153609511908144,735.0,2.534626219130587e-06,,
2312,230.75827407836914,164352,1763260291.018486,0.0005469899624586105,-2.2172927856445312e-05,0.006242474541068077,0.00390625,0.0012754425406455994,0.2689770460128784,0.00020145929011050612,735.0,0.014559897594153881,,
2318,231.50144290924072,164992,1763260291.7616549,0.0028336718678474426,-0.014519929885864258,-0.006106097251176834,0.03515625,0.0062713660299777985,0.19440406560897827,0.00020107526506762952,735.0,0.0008697190787643194,,
2322,231.98585557937622,165376,1763260292.2460675,0.001421688124537468,-2.2530555725097656e-05,0.0054437872022390366,0.03515625,-0.01136159710586071,0.17364802956581116,0.00020084485004190356,735.0,143.8296661376953,,
2324,232.34762048721313,165632,1763260292.6078324,0.001652219332754612,-0.002978682518005371,0.014672243036329746,0.01953125,-0.013711880892515182,0.16273482143878937,0.00020069124002475291,735.0,4.625070869224146e-05,,
2329,233.07684183120728,166144,1763260293.3370538,0.025699643418192863,-0.002148270606994629,-0.025417493656277657,0.068359375,0.15666542947292328,0.2546965479850769,0.00020038401999045163,735.0,5.0056769396178424e-08,,
2339,234.55236840248108,167168,1763260294.8125803,0.01104298047721386,-0.003336787223815918,0.021528324112296104,0.08984375,-0.03103441558778286,0.2441522181034088,0.00019976957992184907,735.0,7.87951285019517e-06,,
2343,235.14019060134888,167552,1763260295.4004025,0.007947593927383423,-0.008382439613342285,-0.02690475434064865,0.021484375,-0.003678318113088608,0.31428608298301697,0.0001995391648961231,735.0,5.929604958510026e-05,,
2348,235.89433670043945,168064,1763260296.1545486,0.008419135585427284,-0.008028864860534668,-0.0415140725672245,0.0859375,0.05720981955528259,0.28810596466064453,0.00019923194486182183,735.0,5.4500495025422424e-05,,
2354,236.8464937210083,168704,1763260297.1067057,0.008371473290026188,-0.001952528953552246,-0.013192062266170979,0.05078125,0.061517298221588135,0.2582184672355652,0.00019884791981894523,734.0,1.436819729860872e-05,,
2363,238.17616486549377,169600,1763260298.4363768,0.013349516317248344,-0.0029332637786865234,0.007003648206591606,0.021484375,-0.010618597269058228,0.20685738325119019,0.000198310284758918,734.0,8.999707642942667e-05,,
2389,242.17765140533447,172288,1763260302.4378633,0.0002692742273211479,-0.001890420913696289,-0.0025555500760674477,0.0078125,0.0020940322428941727,0.33039069175720215,0.0001966973941307515,733.0,3.73726652469486e-05,,
2426,247.45820999145508,176000,1763260307.718422,0.0013172896578907967,-0.012812018394470215,0.0006165141239762306,0.0,0.0074890851974487305,0.3013654053211212,0.0001944700488820672,732.0,0.0016732788644731045,,
2430,247.86884212493896,176384,1763260308.129054,0.0005106506869196892,-1.4781951904296875e-05,-0.002599029801785946,0.0,-0.00034089386463165283,0.26345938444137573,0.00019423963385634124,733.0,155.9574432373047,,
2449,249.6339123249054,178304,1763260309.8941243,2.918485552072525e-05,-9.5367431640625e-06,-0.0011231405660510063,0.0,-0.00018547102808952332,0.23056605458259583,0.00019308755872771144,735.0,1.0954819917678833,,
2465,251.44058418273926,179968,1763260311.7007961,0.0015755482017993927,-0.014246940612792969,-0.007536707445979118,0.017578125,-0.000563320703804493,0.2547537088394165,0.00019208909361623228,737.0,0.0015705240657553077,,
2493,255.08675360679626,182789,1763260315.3469656,,,,,,,,,,500.0,500.0
2506,256.8946089744568,184192,1763260317.154821,0.01997004635632038,-0.0012570619583129883,0.02680063433945179,0.08203125,-0.029938114807009697,0.3424777388572693,0.0001895545283332467,737.0,7.494573947042227e-05,,
2514,257.9295072555542,184960,1763260318.1897192,0.009288114495575428,-0.012383103370666504,0.018301986157894135,0.029296875,0.005146743729710579,0.2511444389820099,0.0001890936982817948,737.0,0.0026216995902359486,,
2515,258.1049358844757,185088,1763260318.3651478,0.007189091295003891,-0.0028433799743652344,0.007246260531246662,0.076171875,0.011623438447713852,0.228898823261261,0.00018901689327321947,737.0,8.17948966869153e-06,,
2520,258.7898757457733,185600,1763260319.0500877,0.0013591032475233078,-0.0025519132614135742,0.01747804693877697,0.021484375,-0.00974944606423378,0.34915220737457275,0.00018870967323891819,737.0,0.00012254348257556558,,
2533,259.96876096725464,186880,1763260320.228973,0.004416218958795071,-8.821487426757812e-06,0.004708397202193737,0.009765625,0.004343124106526375,0.22801156342029572,0.00018794162315316498,739.0,0.012124218046665192,,
2540,260.68183422088623,187648,1763260320.9420462,0.015798330307006836,-0.0012444257736206055,0.009788582101464272,0.09375,-0.04100404679775238,0.34606754779815674,0.00018748079310171306,740.0,7.73232604842633e-05,,
2547,261.290673494339,188289,1763260321.5508854,,,,,,,,,,500.0,500.0
2570,264.1941785812378,190720,1763260324.4543905,0.00286062341183424,-8.666515350341797e-05,-0.008321958594024181,0.005859375,0.01066548377275467,0.24256247282028198,0.0001856374874478206,742.0,4.856721352552995e-05,,
2571,264.2349097728729,190789,1763260324.4951217,,,,,,,,,,500.0,500.0
2577,265.13915371894836,191360,1763260325.3993657,0.017046723514795303,-6.4373016357421875e-06,-0.04211777076125145,0.1015625,0.11581546068191528,0.26940008997917175,0.000185253462404944,742.0,0.01409689337015152,,
2608,269.4257938861847,194560,1763260329.6860058,0.027066273614764214,-0.003988981246948242,-0.026969389989972115,0.06640625,-0.02137322537600994,0.2816581726074219,0.000183333337190561,742.0,6.962868792470545e-05,,
2610,269.6360538005829,194789,1763260329.8962657,,,,,,,,,,500.0,500.0
2630,271.93023443222046,196789,1763260332.1904464,,,,,,,,,,500.0,500.0
2636,272.4947590827942,197376,1763260332.754971,0.0020446013659238815,-5.9604644775390625e-06,-0.00789707899093628,0.005859375,-0.020375587046146393,0.2981289029121399,0.00018164362700190395,744.0,0.09657607227563858,,
2646,273.44500184059143,198400,1763260333.7052138,0.00013202428817749023,-6.556510925292969e-06,-0.004679292440414429,0.0,0.0012432429939508438,0.2418963760137558,0.0001810291869333014,745.0,0.014047374948859215,,
2647,273.5574758052826,198528,1763260333.8176877,0.010439426638185978,-0.0037992000579833984,0.03282604366540909,0.041015625,-0.03321079909801483,0.3544537127017975,0.00018095238192472607,745.0,0.002672020811587572,,
2648,273.6675350666046,198656,1763260333.927747,0.009005177766084671,-0.000339508056640625,-0.012721426784992218,0.03125,0.02748730033636093,0.31339728832244873,0.00018087557691615075,745.0,3.030336301890202e-05,,
2668,275.62823820114136,200704,1763260335.8884501,0.009277762845158577,-0.0013519525527954102,-0.002113109454512596,0.04296875,0.001840449869632721,0.35941195487976074,0.00017964669677894562,747.0,2.7373906050343066e-05,,
2673,276.0814309120178,201216,1763260336.3416429,0.005823315121233463,-0.0008151531219482422,-0.0380672886967659,0.013671875,0.014573538675904274,0.4085291624069214,0.00017933947674464434,748.0,1.716404949547723e-05,,
2683,276.9318928718567,202112,1763260337.1921048,0.008059712126851082,-0.001613616943359375,0.03448463976383209,0.08984375,0.006676387041807175,0.3434683084487915,0.0001788018416846171,749.0,9.355814654554706e-06,,
2687,277.31198382377625,202496,1763260337.5721958,0.005772443488240242,-0.008687734603881836,-0.020908931270241737,0.0390625,0.018827950581908226,0.3240923583507538,0.00017857142665889114,749.0,0.0017637178534641862,,
2689,277.53517508506775,202752,1763260337.795387,0.0015193745493888855,-0.0009773969650268555,0.008900139480829239,0.076171875,0.0007846914231777191,0.3302728831768036,0.0001784178166417405,750.0,6.145711813587695e-05,,
2692,277.7625832557678,203008,1763260338.0227952,0.0020628683269023895,-0.0094451904296875,0.005142888054251671,0.001953125,-0.03769155964255333,0.31141993403434753,0.00017826420662458986,750.0,0.0014576598769053817,,
2732,283.08694529533386,207104,1763260343.3471572,0.00012641027569770813,-0.0028399229049682617,-0.0020037293434143066,0.0,-0.00022217817604541779,0.29419586062431335,0.0001758064463501796,750.0,3.473389006103389e-05,,
2752,285.77662229537964,209152,1763260346.0368342,0.003818633034825325,-0.0007380247116088867,0.02096351981163025,0.01171875,0.004606747999787331,0.26359978318214417,0.0001745775662129745,751.0,9.096658322960138e-05,,
2757,286.4374294281006,209664,1763260346.6976414,0.00603023637086153,-0.0013800859451293945,-0.01296140719205141,0.03515625,0.0025902725756168365,0.32322585582733154,0.0001742703461786732,751.0,1.0202110388490837e-05,,
2772,288.4766025543213,211200,1763260348.7368145,0.021992633119225502,-0.0009342432022094727,-0.030791031196713448,0.109375,0.04516737163066864,0.2972091734409332,0.0001733487006276846,751.0,4.137212272325996e-06,,
2782,289.7799835205078,212224,1763260350.0401955,7.950048893690109e-05,-0.0014891624450683594,-0.003021075390279293,0.0,0.006377827376127243,0.31669536232948303,0.00017273426055908203,751.0,5.429710654425435e-07,,
2783,289.8228635787964,212303,1763260350.0830755,,,,,,,,,,500.0,500.0
2793,290.8484914302826,213303,1763260351.1087034,,,,,,,,,,500.0,500.0
2824,293.75888204574585,216448,1763260354.019094,0.0005164928734302521,-0.015306591987609863,0.006293242797255516,0.0,-0.008415699005126953,0.22038966417312622,0.00017019969527609646,755.0,0.0016857825685292482,,
2843,295.5194010734558,218368,1763260355.779613,0.01300885807722807,-5.0067901611328125e-06,-0.01504516787827015,0.05859375,0.02350471541285515,0.3062262535095215,0.00016904762014746666,757.0,0.009151147678494453,,
2857,296.81204438209534,219803,1763260357.0722563,,,,,,,,,,500.0,500.0
2882,299.15496826171875,222336,1763260359.4151802,0.00134207122027874,-4.291534423828125e-06,-0.0070362817496061325,0.0,0.0005678702145814896,0.3169742524623871,0.00016666666488163173,761.0,143.08934020996094,,
2890,299.98200607299805,223232,1763260360.242218,0.005796369165182114,-7.808208465576172e-05,0.006157059222459793,0.009765625,0.002803996205329895,0.2556910812854767,0.0001661290298216045,762.0,8.71323481987929e-06,,
2949,305.89622950553894,229248,1763260366.1564415,0.0021549947559833527,-0.0004888772964477539,-0.009155349805951118,0.0078125,0.01576550304889679,0.28961533308029175,0.00016251919441856444,767.0,3.867898340104148e-05,,
2960,307.27297043800354,230303,1763260367.5331824,,,,,,,,,,500.0,500.0
2975,309.5311367511749,231808,1763260369.7913487,0.0010221358388662338,-7.152557373046875e-07,-0.004042183980345726,0.0,-0.005101356655359268,0.28641122579574585,0.00016098310879897326,766.0,12.567069053649902,,
2989,311.3577494621277,233303,1763260371.6179614,,,,,,,,,,500.0,500.0
2997,312.50451588630676,234112,1763260372.7647278,0.006676848046481609,-0.0007464885711669922,-0.0011152960360050201,0.015625,-0.012233752757310867,0.2799399793148041,0.0001596006186446175,767.0,8.202288881875575e-06,,
3011,314.26006054878235,235520,1763260374.5202725,0.0015804050490260124,-0.003481149673461914,0.000612250529229641,0.00390625,0.02011895552277565,0.4073755443096161,0.00015875576355028898,767.0,0.001621690928004682,,
3051,318.77029299736023,239616,1763260379.030505,0.000624445267021656,-0.001751542091369629,0.0038376497104763985,0.0,-0.003167882561683655,0.27329564094543457,0.00015629800327587873,769.0,5.569083441514522e-06,,
3053,318.94740986824036,239803,1763260379.2076218,,,,,,,,,,500.0,500.0
3066,320.5708808898926,241152,1763260380.8310928,0.0015597846359014511,-0.0008947849273681641,0.0005098618566989899,0.0,0.0001669805496931076,0.3005540668964386,0.00015537634317297488,769.0,1.833213900681585e-07,,
3070,320.90788650512695,241536,1763260381.1680984,0.012699156068265438,-0.0037146806716918945,0.02006813883781433,0.056640625,-0.006174508482217789,0.3568026125431061,0.00015514592814724892,770.0,0.0010757421841844916,,
3083,322.1045846939087,242816,1763260382.3647966,0.0033421991392970085,-8.344650268554688e-07,0.01039176620543003,0.001953125,-0.0011616572737693787,0.35193929076194763,0.00015437787806149572,771.0,155.8398895263672,,
3098,323.4948163032532,244352,1763260383.7550282,1.1738389730453491e-05,-1.6689300537109375e-06,-0.0003512222319841385,0.0,-0.00039860233664512634,0.3203282058238983,0.00015345621795859188,772.0,0.0966005027294159,,
3103,323.94967103004456,244864,1763260384.209883,0.002088741399347782,-2.86102294921875e-06,-0.0008866051211953163,0.009765625,-0.0029384344816207886,0.32982802391052246,0.0001531489979242906,773.0,0.0961066409945488,,
3127,326.15744376182556,247303,1763260386.4176557,,,,,,,,,,500.0,500.0
3129,326.4219899177551,247552,1763260386.6822019,0.0007162522524595261,-0.001676797866821289,-0.0025508850812911987,0.0,-0.015563834458589554,0.351397842168808,0.00015153609274420887,775.0,0.0010083557572215796,,
3141,327.64793038368225,248803,1763260387.9081423,,,,,,,,,,500.0,500.0
3146,328.28836703300476,249303,1763260388.548579,,,,,,,,,,500.0,500.0
3170,331.3695104122162,251776,1763260391.6297224,9.22568142414093e-05,0.0001621246337890625,-0.00037490203976631165,0.0,0.00014869868755340576,0.3656993806362152,0.00014900154201313853,776.0,6.171003406052478e-07,,
3183,333.04147815704346,253056,1763260393.30169,0.0013402784243226051,-0.0022341012954711914,-0.00037215370684862137,0.0,-0.007665745913982391,0.29297393560409546,0.00014823349192738533,776.0,0.000754433567635715,,
3188,333.70924162864685,253568,1763260393.9694536,0.006140929646790028,-0.0017687082290649414,0.002903730608522892,0.017578125,-0.002231977880001068,0.36671772599220276,0.00014792627189308405,776.0,5.1211218305979855e-06,,
3217,336.7183792591095,256512,1763260396.9785912,0.0017750421538949013,-0.0025832653045654297,0.00260243471711874,0.001953125,-0.008521044626832008,0.4004089832305908,0.00014615975669585168,778.0,0.0017478092340752482,,
3224,337.42433071136475,257280,1763260397.6845427,0.0026270467787981033,0.00012052059173583984,0.008203631266951561,0.0078125,-0.008772201836109161,0.4881569743156433,0.00014569892664439976,779.0,2.1649775590049103e-05,,
3247,339.68660974502563,259584,1763260399.9468217,0.0015982221812009811,-0.001648545265197754,0.014798220247030258,0.001953125,0.005872569978237152,0.3827926218509674,0.000144316436490044,780.0,8.059727406362072e-06,,
3250,340.0278391838074,259840,1763260400.2880511,0.002818642184138298,-1.430511474609375e-06,0.015726855024695396,0.009765625,0.0003537200391292572,0.3812716603279114,0.00014416282647289336,780.0,12.607226371765137,,
3252,340.3199224472046,260096,1763260400.5801344,0.01128432061523199,-0.0021829605102539062,0.03652200475335121,0.046875,0.0312628448009491,0.34422171115875244,0.00014400921645574272,780.0,2.751092324615456e-06,,
3255,340.67308235168457,260352,1763260400.9332943,0.0012341076508164406,-2.5033950805664062e-06,-0.01444085780531168,0.0,-0.002402886748313904,0.34292417764663696,0.00014385560643859208,780.0,12.600787162780762,,
3259,341.19253277778625,260803,1763260401.4527447,,,,,,,,,,500.0,500.0
3272,342.90767788887024,262144,1763260403.1678898,0.00018581468611955643,-0.00017082691192626953,9.614136070013046e-05,0.0,-0.0015964116901159286,0.4224792420864105,0.0001427803363185376,781.0,3.588500476325862e-06,,
3275,343.24399185180664,262400,1763260403.5042038,0.0002464503049850464,-2.0265579223632812e-06,0.006545441225171089,0.001953125,0.0015655066817998886,0.42289435863494873,0.00014262672630138695,781.0,12.626408576965332,,
3276,343.38657116889954,262528,1763260403.646783,0.005923034623265266,-0.0006693601608276367,-0.013835234567523003,0.017578125,-0.0031095966696739197,0.4332732856273651,0.00014254992129281163,781.0,0.0015134771820157766,,
3296,345.55225467681885,264576,1763260405.8124666,0.00020851008594036102,-0.0012553930282592773,-0.002338472753763199,0.0,0.0010536443442106247,0.3493242561817169,0.0001413210411556065,782.0,2.718710675253533e-06,,
3299,345.81792402267456,264832,1763260406.078136,0.004163971170783043,-8.344650268554688e-07,-0.0076046958565711975,0.00390625,0.000367799773812294,0.33696386218070984,0.00014116743113845587,782.0,12.697415351867676,,
3338,349.4049782752991,268803,1763260409.6651902,,,,,,,,,,500.0,500.0
3351,350.6738805770874,270208,1763260410.9340925,0.0005492717027664185,-5.4717063903808594e-05,0.00235593318939209,0.0,0.0027694664895534515,0.44189468026161194,0.00013794163533020765,786.0,1.8743221517070197e-05,,
3357,351.19144105911255,270803,1763260411.451653,,,,,,,,,,500.0,500.0
3360,351.4997613430023,271104,1763260411.7599733,0.0002536466345191002,-0.0004540681838989258,-0.004397732205688953,0.0,-0.0008241832256317139,0.3167775571346283,0.0001374040002701804,787.0,4.318205355957616e-06,,
3398,355.7473874092102,274944,1763260416.0075994,0.0005509862676262856,-0.006389141082763672,0.0012916354462504387,0.0,7.48857855796814e-05,0.3747992515563965,0.0001350998500129208,789.0,0.0006035357364453375,,
3401,356.00710582733154,275303,1763260416.2673178,,,,,,,,,,500.0,500.0
3406,356.5450005531311,275803,1763260416.8052125,,,,,,,,,,500.0,500.0
3419,357.8853585720062,277120,1763260418.1455705,9.043421596288681e-05,-9.906291961669922e-05,-0.0031571434810757637,0.0,-0.005703851580619812,0.43318474292755127,0.00013379416486714035,790.0,6.345878318825271e-06,,
3426,358.51086354255676,277803,1763260418.7710755,,,,,,,,,,500.0,500.0
3428,358.7183690071106,278016,1763260418.978581,0.00029188860207796097,-0.0029947757720947266,-0.00031600985676050186,0.0,-0.003241008147597313,0.42396584153175354,0.0001332565298071131,791.0,0.0011670422973111272,,
3435,359.5161874294281,278784,1763260419.7763994,0.001707620918750763,0.00014656782150268555,0.007204845547676086,0.0,0.026941826567053795,0.5089379549026489,0.0001327956997556612,791.0,9.48800425248919e-06,,
3450,361.5756766796112,280303,1763260421.8358886,,,,,,,,,,500.0,500.0
3451,361.7077555656433,280320,1763260421.9679675,0.0024420516565442085,-8.344650268554688e-07,0.00927842129021883,0.0,-0.0004300251603126526,0.39578738808631897,0.00013187403965275735,790.0,0.00587797025218606,,
3462,363.1777880191803,281472,1763260423.438,0.002462092787027359,-0.006190657615661621,0.002433130517601967,0.001953125,0.008135661482810974,0.3883953094482422,0.00013118279457557946,790.0,0.0019709996413439512,,
3476,364.9823980331421,282880,1763260425.24261,0.0007336288690567017,-1.9073486328125e-06,0.0010537449270486832,0.0,-0.001720380038022995,0.4085305631160736,0.00013033793948125094,790.0,12.60869312286377,,
3479,365.3950049877167,283264,1763260425.655217,0.0023783640936017036,-0.0008423328399658203,0.003682098351418972,0.001953125,0.004643440246582031,0.5211117267608643,0.00013010752445552498,790.0,4.241308488417417e-05,,
3498,367.46038126945496,285184,1763260427.7205932,0.002339445985853672,-0.001315474510192871,0.005520719103515148,0.0,-0.007000701501965523,0.41874998807907104,0.00012895544932689518,791.0,2.5665576686151326e-07,,
3503,367.9498784542084,285696,1763260428.2100904,0.007655604742467403,-0.00016546249389648438,0.010333185084164143,0.017578125,-0.006836777552962303,0.35037463903427124,0.0001286482292925939,792.0,0.00010109010327141732,,
3513,368.8850212097168,286720,1763260429.1452332,0.003336740657687187,-0.0005681514739990234,0.014697398990392685,0.021484375,0.002556063234806061,0.3862854242324829,0.00012803378922399133,792.0,1.3351605957723223e-05,,
3525,369.9401888847351,287872,1763260430.2004008,8.803140372037888e-05,-1.430511474609375e-06,-0.0021305782720446587,0.0,-0.00026987120509147644,0.4004513919353485,0.00012734254414681345,793.0,12.599666595458984,,
3537,371.514221906662,289152,1763260431.7744339,0.00048357248306274414,1.0609626770019531e-05,0.007465071976184845,0.0,-0.006830351427197456,0.3690836429595947,0.00012657449406106025,793.0,2.459273673593998e-09,,
3554,373.3740191459656,290816,1763260433.634231,0.0031197061762213707,-1.0728836059570312e-06,0.0003639617934823036,0.001953125,-0.02679494023323059,0.47577446699142456,0.00012557604350149632,794.0,12.613964080810547,,
3555,373.4854962825775,290944,1763260433.7457082,0.005502336658537388,-0.0059888362884521484,-0.03458237648010254,0.021484375,0.01301206648349762,0.40125328302383423,0.000125499238492921,794.0,0.0015246969414874911,,
3576,375.4675681591034,293120,1763260435.72778,0.0003621028736233711,-0.00040602684020996094,-0.0078614866361022,0.0,-0.00043203867971897125,0.40359175205230713,0.00012419355334714055,796.0,8.208076906157658e-06,,
3578,375.5998182296753,293303,1763260435.8600302,,,,,,,,,,500.0,500.0
3581,375.9149067401886,293632,1763260436.1751187,0.0005922997370362282,-0.0007262229919433594,0.001255224458873272,0.0,-0.006747998297214508,0.40748828649520874,0.00012388633331283927,796.0,1.6699967090971768e-05,,
3589,376.6341607570648,294400,1763260436.8943727,0.0003286190330982208,-1.5497207641601562e-06,0.0005705207586288452,0.0,0.0030340049415826797,0.32114750146865845,0.00012342550326138735,797.0,0.012579726986587048,,
3613,378.84542512893677,296832,1763260439.105637,0.0006806068122386932,-8.344650268554688e-07,-0.0011015105992555618,0.0,-0.011101404204964638,0.46543195843696594,0.00012196620809845626,798.0,12.678690910339355,,
3622,379.6974449157715,297803,1763260439.9576569,,,,,,,,,,500.0,500.0
3640,381.41745829582214,299648,1763260441.6776702,0.0030401721596717834,2.2649765014648438e-06,-0.00473828986287117,0.0,0.02403837814927101,0.4060175120830536,0.00012027649790979922,800.0,2.588400457170792e-05,,
3656,382.85212421417236,301303,1763260443.1123362,,,,,,,,,,500.0,500.0
3669,384.529292345047,302592,1763260444.7895043,0.0014227181673049927,-0.0018758773803710938,0.0036665815860033035,0.0,-0.0021670907735824585,0.4296407103538513,0.00011850998271256685,802.0,9.575747753842734e-06,,
3679,385.892751455307,303616,1763260446.1529634,0.0007159523665904999,-0.0008006095886230469,0.011204840615391731,0.0,-0.003057822585105896,0.4350072145462036,0.00011789554264396429,801.0,1.597111258888617e-05,,
3683,386.39828276634216,304000,1763260446.6584947,1.053791493177414e-05,-0.0029152631759643555,-0.001791275106370449,0.0,-0.00019526667892932892,0.4021761417388916,0.00011766512761823833,801.0,0.0009473043028265238,,
3684,386.5817518234253,304128,1763260446.8419638,0.0027505531907081604,-0.0010731220245361328,-0.024686921387910843,0.00390625,0.00959546398371458,0.4485979378223419,0.00011758832260966301,801.0,1.4424465916818008e-05,,
3711,390.2963056564331,306816,1763260450.5565176,2.8913840651512146e-05,-5.960464477539062e-07,-0.0014408435672521591,0.0,-0.0012282226234674454,0.4825306534767151,0.0001159754247055389,801.0,13.727913856506348,,
3713,390.64201068878174,307072,1763260450.9022226,0.00965307280421257,-0.0012279748916625977,0.049220770597457886,0.041015625,-0.031837768852710724,0.4131874144077301,0.00011582181468838826,801.0,3.1198425858747214e-05,,
3715,390.8662357330322,307303,1763260451.1264477,,,,,,,,,,500.0,500.0
3731,393.14177775382996,308864,1763260453.4019897,0.00028743408620357513,-1.3113021850585938e-06,0.009058363735675812,0.0,-0.007001364603638649,0.4426773488521576,0.00011474654456833377,800.0,0.012534163892269135,,
3734,393.6303622722626,309248,1763260453.8905742,0.002395923249423504,0.0013877153396606445,0.022948553785681725,0.0,-0.011921390891075134,0.47491908073425293,0.00011451612954260781,800.0,7.161543180700392e-05,,
3755,395.56104803085327,311303,1763260455.82126,,,,,,,,,,500.0,500.0
3775,397.43878078460693,313344,1763260457.6989927,5.2053481340408325e-05,-1.0728836059570312e-06,-0.002597291022539139,0.0,2.253800630569458e-05,0.41499051451683044,0.00011205836926819757,803.0,0.09616865962743759,,
3779,397.81051445007324,313803,1763260458.0707264,,,,,,,,,,500.0,500.0
3804,400.68312764167786,316303,1763260460.9433396,,,,,,,,,,500.0,500.0
3807,401.22632122039795,316672,1763260461.4865332,0.0031140558421611786,-0.0014955997467041016,0.018047472462058067,0.0,-0.013954626396298409,0.43440479040145874,0.00011006144632119685,803.0,0.00011033955524908379,,
3847,406.7704291343689,320768,1763260467.030641,0.00014756899327039719,0.00010514259338378906,0.003597560338675976,0.0,0.0004965905100107193,0.43730103969573975,0.0001076036860467866,802.0,7.947618723846972e-05,,
3879,411.38633251190186,323968,1763260471.6465445,0.002466193400323391,-0.004645943641662598,-0.004865487106144428,0.0,-0.021708175539970398,0.38041529059410095,0.0001056835608324036,801.0,0.0010176384821534157,,
3883,411.9441502094269,324352,1763260472.2043622,0.001703154295682907,-1.430511474609375e-06,0.006948564201593399,0.0,-0.0031324420124292374,0.3976706862449646,0.00010545314580667764,801.0,0.005737479776144028,,
3884,412.11159205436707,324480,1763260472.371804,0.0003110794350504875,-0.0038546323776245117,0.004215124063193798,0.0,-0.007920121774077415,0.3710532784461975,0.00010537634079810232,801.0,0.0012035074178129435,,
3887,412.5245144367218,324803,1763260472.7847264,,,,,,,,,,500.0,500.0
3891,413.138219833374,325248,1763260473.3984318,0.002550460398197174,-0.0004506111145019531,0.009606515988707542,0.0,-0.013550998643040657,0.4439502954483032,0.00010491551802260801,801.0,9.620462515158579e-05,,
3898,414.13908433914185,325888,1763260474.3992963,0.00024255551397800446,-2.384185791015625e-06,0.0035840533673763275,0.0,-0.006553322076797485,0.3775728642940521,0.00010453149297973141,800.0,0.09599705785512924,,
3912,416.1793782711029,327303,1763260476.4395902,,,,,,,,,,500.0,500.0
3915,416.62071108818054,327680,1763260476.880923,0.0004626186564564705,-0.0011535882949829102,0.0032228054478764534,0.0,-0.0066724903881549835,0.4822837710380554,0.00010345622285967693,800.0,5.6280659919139e-05,,
3928,418.05292773246765,328960,1763260478.3131397,3.232806921005249e-05,-0.005010366439819336,-0.0005956534296274185,0.0,-0.004414670169353485,0.43574258685112,0.00010268817277392372,800.0,0.0008404372492805123,,
3944,419.5889718532562,330624,1763260479.8491838,0.0037649115547537804,-0.0013399124145507812,0.005152150057256222,0.0,-0.00391639769077301,0.46119970083236694,0.00010168970766244456,801.0,3.5882221709471196e-05,,
3945,419.70081639289856,330752,1763260479.9610283,0.003876888193190098,-2.491474151611328e-05,-0.0016374243423342705,0.005859375,-0.002243001013994217,0.4694730043411255,0.00010161290265386924,801.0,4.007597817690112e-05,,
3946,419.7223060131073,330803,1763260479.982518,,,,,,,,,,500.0,500.0
3954,420.52338194847107,331648,1763260480.783594,0.0012181531637907028,-0.0018084049224853516,0.0016720816493034363,0.0,0.025537893176078796,0.46698373556137085,0.000101075267593842,802.0,7.723113958491012e-05,,
3963,421.34773230552673,332544,1763260481.6079443,0.0007135821506381035,-0.0014497041702270508,0.006746436469256878,0.0,0.004522934556007385,0.46152544021606445,0.00010053763253381476,803.0,0.0015489254146814346,,
3969,421.9072251319885,333184,1763260482.167437,0.005674494430422783,-0.0007432699203491211,-0.0318731814622879,0.0078125,-0.01740485429763794,0.5647356510162354,0.00010015360749093816,803.0,2.4560078600188717e-05,,
3981,422.9635343551636,334336,1763260483.2237463,0.0009033326059579849,-7.152557373046875e-07,0.0020897462964057922,0.0,0.0007455348968505859,0.48385679721832275,9.946236241376027e-05,804.0,0.0023550887126475573,,
3983,423.18745613098145,334592,1763260483.447668,0.0004405789077281952,-0.00028324127197265625,-0.00505136139690876,0.0,0.006754346191883087,0.48376649618148804,9.930875239660963e-05,804.0,4.8880909162107855e-05,,
3997,424.5002293586731,336000,1763260484.7604413,0.00014094356447458267,-0.003306150436401367,-0.005333081819117069,0.0,0.0012719584628939629,0.3994002044200897,9.846390457823873e-05,805.0,0.0005932716885581613,,
4020,426.6093080043793,338304,1763260486.86952,0.00014687329530715942,0.0,0.0017492901533842087,0.0,0.0005193948745727539,0.43933799862861633,9.708141442388296e-05,806.0,12.769487380981445,,
4059,430.24048948287964,342303,1763260490.5007014,,,,,,,,,,500.0,500.0
4087,432.92123222351074,345216,1763260493.1814442,0.001930970698595047,-0.00022149085998535156,-0.010178502649068832,0.00390625,-0.0004667453467845917,0.4763043224811554,9.293395123677328e-05,811.0,0.0001444891095161438,,
4091,433.2604093551636,345600,1763260493.5206213,7.502362132072449e-05,-0.0008238554000854492,-0.0012634340673685074,0.0,-0.0022227466106414795,0.4813350737094879,9.270353621104732e-05,811.0,5.7491721236146986e-05,,
4105,434.5411458015442,347008,1763260494.8013577,1.1178664863109589e-05,-0.0025479793548583984,-0.00036575738340616226,0.0,0.0009981393814086914,0.4489333927631378,9.18586811167188e-05,812.0,0.0012903412571176887,,
4109,434.9134907722473,347392,1763260495.1737027,0.002818678505718708,-1.0728836059570312e-06,0.0190168134868145,0.005859375,-0.033664602786302567,0.3561955988407135,9.162826609099284e-05,812.0,13.888692855834961,,
4115,435.4757478237152,348032,1763260495.7359598,0.0017930539324879646,-0.0014320611953735352,0.018288470804691315,0.0,-0.02263808250427246,0.4343518912792206,9.124424104811624e-05,812.0,0.0014394758036360145,,
4119,435.81435680389404,348416,1763260496.0745687,0.0004827454686164856,-2.6226043701171875e-06,0.003171490505337715,0.0,0.0006532855331897736,0.34220314025878906,9.101382602239028e-05,813.0,0.00421151053160429,,
4150,438.7373251914978,351616,1763260498.9975371,1.4981254935264587e-05,-0.0002046823501586914,0.0010789930820465088,0.0,0.0041163768619298935,0.4337860345840454,8.909370080800727e-05,814.0,7.52104606362991e-05,,
4168,440.3864803314209,353408,1763260500.6466923,0.00015789736062288284,-1.0728836059570312e-06,0.00157941784709692,0.0,-0.004504287615418434,0.44576096534729004,8.801843068795279e-05,815.0,0.002602501306682825,,
4184,441.8902006149292,355072,1763260502.1504126,4.8694200813770294e-05,-0.0014801025390625,-0.0031028417870402336,0.0,-0.0034735556691884995,0.4155612289905548,8.701997285243124e-05,816.0,0.00010241048585157841,,
4194,442.8248646259308,356096,1763260503.0850766,0.0003390982747077942,-0.0007375478744506836,0.006506169214844704,0.0,-0.0017733052372932434,0.39893099665641785,8.640553278382868e-05,817.0,5.923392018303275e-05,,
4199,443.35816836357117,356608,1763260503.6183803,0.00015938840806484222,-0.0006874799728393555,-0.0014093946665525436,0.0,-0.0027057677507400513,0.381092369556427,8.60983127495274e-05,817.0,8.712198177818209e-05,,
4224,445.69717264175415,359168,1763260505.9573846,0.00014096125960350037,-0.0007861852645874023,-0.004246620461344719,0.0,-0.00128878653049469,0.43973132967948914,8.456221257802099e-05,819.0,6.435524846892804e-05,,
4229,446.1483778953552,359680,1763260506.4085898,0.0004925578832626343,5.3882598876953125e-05,7.80206173658371e-05,0.0,0.001422140747308731,0.508557915687561,8.425499254371971e-05,819.0,7.238826947286725e-05,,
4243,447.4631817340851,361088,1763260507.7233937,0.00032488908618688583,-0.00043272972106933594,0.0013593370094895363,0.0,0.0028597675263881683,0.4747541844844818,8.341013744939119e-05,820.0,0.00014887857832945883,,
4246,447.69259691238403,361344,1763260507.9528089,0.00022740662097930908,-3.5762786865234375e-07,-0.004880551248788834,0.0,-0.0009832456707954407,0.4841787815093994,8.325652743224055e-05,820.0,0.0032448184210807085,,
4252,448.2545289993286,361984,1763260508.514741,6.999727338552475e-05,-0.003051280975341797,0.0056891003623604774,0.0,0.000552743673324585,0.43994221091270447,8.287250238936394e-05,820.0,0.0007761108572594821,,
4254,448.5174648761749,362240,1763260508.7776768,0.0013468693941831589,-0.00025856494903564453,-0.0014378055930137634,0.0,0.008657393977046013,0.5316054821014404,8.27188923722133e-05,820.0,0.00013388163642957807,,
4273,450.8495547771454,364160,1763260511.1097667,0.0002215169370174408,-0.0018140077590942383,-0.00033362023532390594,0.0,0.005771403666585684,0.48354992270469666,8.15668172435835e-05,820.0,0.00017224441398866475,,
4276,451.19065499305725,364416,1763260511.450867,8.438806980848312e-05,-9.5367431640625e-07,0.0022933753207325935,0.0,-0.00040100887417793274,0.3937860131263733,8.141320722643286e-05,820.0,0.009969254955649376,,
4277,451.3336658477783,364544,1763260511.5938778,0.0006063319742679596,-0.0009239912033081055,0.0033064652234315872,0.0,-0.008381623774766922,0.5172131061553955,8.133640221785754e-05,820.0,0.0008471412002108991,,
4278,451.49235224723816,364672,1763260511.7525642,2.755969762802124e-05,0.000213623046875,-0.0017327852547168732,0.0,-3.390014171600342e-05,0.44171270728111267,8.125959720928222e-05,820.0,7.833191193640232e-05,,
4290,452.5883238315582,365824,1763260512.8485358,0.0005645444616675377,-7.152557373046875e-07,0.004284688271582127,0.0,-0.00033101998269557953,0.3979637622833252,8.056835940806195e-05,821.0,0.003501475090160966,,
4292,452.8480808734894,366080,1763260513.1082928,1.6800127923488617e-05,-0.001337885856628418,-0.001255498267710209,0.0,0.0017661135643720627,0.4249826669692993,8.041474939091131e-05,821.0,5.8754871133714914e-05,,
4314,455.5079777240753,368303,1763260515.7681897,,,,,,,,,,500.0,500.0
4318,456.13567757606506,368768,1763260516.3958895,0.0031691845506429672,-8.440017700195312e-05,0.013875793665647507,0.0,-0.0160224586725235,0.536530613899231,7.880184421082959e-05,821.0,0.0001116134735639207,,
4346,459.117151260376,371584,1763260519.3773632,0.0002587605267763138,-0.001508951187133789,-0.002290422096848488,0.0,-0.0024877581745386124,0.4716225266456604,7.711213402217254e-05,822.0,0.00014662346802651882,,
4366,460.97146797180176,373632,1763260521.23168,0.0002835094928741455,3.445148468017578e-05,0.00242510624229908,0.0,-0.0006888508796691895,0.4810636043548584,7.588325388496742e-05,823.0,9.34285853873007e-05,,
4372,461.5681314468384,374272,1763260521.8283434,0.002805842086672783,-0.0002968311309814453,0.01845131814479828,0.0,0.013343136757612228,0.4919050931930542,7.549922884209082e-05,823.0,0.00019760843133553863,,
4377,462.02055859565735,374784,1763260522.2807705,0.0006188191473484039,2.676248550415039e-05,-0.014107497408986092,0.0,0.0021205954253673553,0.5210274457931519,7.519200880778953e-05,824.0,0.00011783403169829398,,
4378,462.0296404361725,374803,1763260522.2898524,,,,,,,,,,500.0,500.0
4387,462.8867862224579,375803,1763260523.1469982,,,,,,,,,,500.0,500.0
4396,463.77995562553406,376704,1763260524.0401676,0.0007572229951620102,-0.00013911724090576172,-0.0047401245683431625,0.0,-0.007200667634606361,0.5065734386444092,7.403994095511734e-05,825.0,0.00013436574954539537,,
4415,465.54430079460144,378624,1763260525.8045127,0.0001679854467511177,-0.0006074905395507812,-0.0013466021046042442,0.0,0.0010639876127243042,0.4816124737262726,7.288786582648754e-05,826.0,0.00012070516095263883,,
4456,469.27625370025635,382803,1763260529.5364656,,,,,,,,,,500.0,500.0
4470,470.66517424583435,384256,1763260530.9253862,0.0014974921941757202,2.9921531677246094e-05,-0.0030067767947912216,0.00390625,-0.0014766231179237366,0.5229052305221558,6.950844544917345e-05,829.0,8.626653288956732e-05,,
4478,471.34162616729736,385024,1763260531.601838,0.00013166945427656174,-0.0034378767013549805,-0.0011099455878138542,0.0,0.0014944970607757568,0.43438029289245605,6.904762267367914e-05,829.0,0.000869768438860774,,
4480,471.5970494747162,385280,1763260531.8572614,5.838274955749512e-05,-1.6689300537109375e-06,-0.0009783804416656494,0.0,-8.541718125343323e-05,0.48103761672973633,6.88940126565285e-05,829.0,0.0001260544522665441,,
4492,472.65051555633545,386432,1763260532.9107275,7.476843893527985e-05,-0.012832880020141602,-0.0018715504556894302,0.0,-0.0014247018843889236,0.3542894423007965,6.820276757935062e-05,830.0,0.0008287996170111,,
4498,473.21278715133667,387072,1763260533.472999,0.00011225976049900055,-0.0022422075271606445,-0.0011041834950447083,0.0,-0.0038832202553749084,0.4906104803085327,6.781874253647402e-05,830.0,0.00021227553952485323,,
4520,475.2160358428955,389303,1763260535.4762478,,,,,,,,,,500.0,500.0
4522,475.4221045970917,389504,1763260535.6823165,0.00022826716303825378,-0.0020879507064819336,0.004468886181712151,0.0,-0.002010241150856018,0.4801521301269531,6.635944737354293e-05,832.0,0.0005943247233517468,,
4524,475.6811873912811,389760,1763260535.9413993,0.0002665594220161438,-0.00016760826110839844,4.0100887417793274e-05,0.0,-0.006297060754150152,0.5029368996620178,6.62058373563923e-05,832.0,0.00010472640860825777,,
4525,475.6993410587311,389803,1763260535.959553,,,,,,,,,,500.0,500.0
4527,475.90804266929626,390016,1763260536.1682546,0.00029568467289209366,-0.0013982057571411133,0.0022167982533574104,0.0,-0.010211300104856491,0.43670564889907837,6.605222733924165e-05,832.0,0.001672993996180594,,
4531,476.2436110973358,390400,1763260536.503823,7.721316069364548e-05,-1.9073486328125e-06,0.0036172913387417793,0.0,-0.0011321455240249634,0.39698195457458496,6.582181231351569e-05,832.0,0.10377030074596405,,
4533,476.46908497810364,390656,1763260536.729297,0.0005246121436357498,-0.00014638900756835938,0.013006480410695076,0.0,0.010505711659789085,0.5144734382629395,6.566820229636505e-05,832.0,0.0001410660770488903,,
4534,476.5806727409363,390784,1763260536.8408847,7.47954472899437e-05,0.00013452768325805664,0.003920118324458599,0.0,0.0010112915188074112,0.5107967257499695,6.559139728778973e-05,832.0,0.00010432992712594569,,
4555,478.4590346813202,392832,1763260538.7192466,4.650745540857315e-05,-9.5367431640625e-07,0.002160443924367428,0.0,-0.0031621474772691727,0.46632587909698486,6.436251715058461e-05,833.0,12.745748519897461,,
4562,479.1692314147949,393600,1763260539.4294434,0.0008410830050706863,-0.0011371374130249023,-0.011571355164051056,0.0,0.002510901540517807,0.46884530782699585,6.390168709913269e-05,834.0,0.0001608192251296714,,
4576,480.4494924545288,395008,1763260540.7097044,0.0003383820876479149,-0.000823974609375,-0.003017130307853222,0.0,-0.007386256009340286,0.4595431089401245,6.305683200480416e-05,834.0,0.0012045233743265271,,
4613,483.88926243782043,398803,1763260544.1494744,,,,,,,,,,500.0,500.0
4626,485.17421984672546,400128,1763260545.4344318,0.0006808973848819733,-3.981590270996094e-05,0.0034392811357975006,0.0,0.010282879695296288,0.4451797902584076,5.998463893774897e-05,837.0,0.00012437965779099613,,
4635,485.96505188941956,401024,1763260546.2252638,1.756753772497177e-05,-0.0015205144882202148,-0.0006755469366908073,0.0,-0.0002425573766231537,0.48214587569236755,5.944700387772173e-05,837.0,0.0012519381707534194,,
4641,486.5629069805145,401664,1763260546.823119,5.781836807727814e-05,-0.00022745132446289062,-5.77438622713089e-05,0.0,-0.0013114362955093384,0.4918574094772339,5.9062978834845126e-05,838.0,0.00015048572095111012,,
4644,486.7925982475281,401920,1763260547.0528102,0.00032721273601055145,-1.7881393432617188e-06,-0.001086147502064705,0.0,0.0005559772253036499,0.40258169174194336,5.8909368817694485e-05,838.0,0.0023414555471390486,,
4661,488.4454026222229,403712,1763260548.7056146,0.0007955590263009071,-0.001066446304321289,0.0016113249585032463,0.0,0.011277526617050171,0.49497103691101074,5.783410233561881e-05,839.0,0.00018511629605200142,,
4675,489.7214741706848,405120,1763260549.981686,9.970739483833313e-06,0.00022459030151367188,0.0005417969077825546,0.0,0.0005728509277105331,0.4771353006362915,5.6989247241290286e-05,839.0,0.0001837109011830762,,
4691,491.22184777259827,406784,1763260551.4820597,0.0003467509523034096,-0.0008039474487304688,0.0019593769684433937,0.0,-0.008675388991832733,0.4857936203479767,5.599078212981112e-05,840.0,0.0001864195946836844,,
4709,492.87099599838257,408576,1763260553.131208,5.249585956335068e-05,-0.001308441162109375,0.000218232162296772,0.0,0.0027355793863534927,0.43764814734458923,5.491551564773545e-05,841.0,0.00017750791448634118,,
4713,493.211710691452,408960,1763260553.4719226,0.0002943025901913643,-0.0053642988204956055,-0.0006870077922940254,0.0,0.002084076404571533,0.5108894109725952,5.4685100622009486e-05,841.0,0.0010187653824687004,,
4738,495.5751106739044,411520,1763260555.8353226,1.0788440704345703e-05,-0.001174330711364746,-0.0007147379219532013,0.0,-0.00039565376937389374,0.45012569427490234,5.314900045050308e-05,842.0,0.0009266899432986975,,
4739,495.68532538414,411648,1763260555.9455373,5.9915706515312195e-05,-2.4199485778808594e-05,-5.066394805908203e-07,0.0,0.0030013471841812134,0.5241811871528625,5.307219544192776e-05,842.0,0.00020079205569345504,,
4741,495.8097834587097,411803,1763260556.0699954,,,,,,,,,,500.0,500.0
4743,496.0220699310303,412032,1763260556.2822819,3.481004387140274e-05,-0.0024406909942626953,0.0005324268713593483,0.0,0.0009760260581970215,0.3631332516670227,5.28417804162018e-05,843.0,0.0008846780983731151,,
4772,498.7653784751892,414976,1763260559.0255904,2.8788112103939056e-05,-0.003949403762817383,-0.0005805930122733116,0.0,-0.0002922341227531433,0.4377436935901642,5.107526885694824e-05,844.0,0.0008568202028982341,,
4786,500.0395538806915,416384,1763260560.2997658,7.27921724319458e-06,-1.0728836059570312e-06,-0.0003123302012681961,0.0,-0.0017042085528373718,0.45540115237236023,5.023041376261972e-05,845.0,1.2121881246566772,,
4787,500.1509020328522,416512,1763260560.411114,0.00036892201751470566,-0.003242015838623047,-4.569534212350845e-05,0.0,-0.0026517510414123535,0.47201308608055115,5.01536087540444e-05,845.0,0.0008815372711978853,,
4788,500.2618350982666,416640,1763260560.522047,0.0001556091010570526,-0.0007044076919555664,0.0010992102324962616,0.0,-0.002014683559536934,0.45595651865005493,5.007680374546908e-05,845.0,0.00023962094564922154,,
4796,500.98623991012573,417408,1763260561.2464519,3.076903522014618e-05,-1.9073486328125e-06,0.0017102640122175217,0.0,-0.0019713323563337326,0.4185926616191864,4.961597369401716e-05,845.0,145.21908569335938,,
4799,501.3207309246063,417792,1763260561.5809429,0.0010901102796196938,0.0001938343048095703,0.008143371902406216,0.0,-0.019262149930000305,0.5274023413658142,4.938556230627e-05,845.0,0.00022289759363047779,,
4806,501.9218816757202,418432,1763260562.1820936,1.2761913239955902e-05,-0.009689688682556152,-0.0006267642602324486,0.0,-0.00022847391664981842,0.4039286971092224,4.90015372633934e-05,845.0,0.0013765750918537378,,
4809,502.18417596817017,418803,1763260562.444388,,,,,,,,,,500.0,500.0
4813,502.5924508571625,419200,1763260562.8526628,9.388662874698639e-06,-0.0007470846176147461,-0.001332213170826435,0.0,-0.0007741693407297134,0.44282451272010803,4.854070721194148e-05,846.0,0.00016105268150568008,,
4851,506.12001848220825,423040,1763260566.3802304,5.0533562898635864e-05,-0.0021473169326782227,-1.988932490348816e-05,0.0,-0.003876224160194397,0.4154801666736603,4.623656059266068e-05,848.0,0.0010836657602339983,,
4874,508.2162220478058,425344,1763260568.476434,0.0005371458828449249,-3.5762786865234375e-07,0.0010657347738742828,0.0,0.00048409774899482727,0.48349231481552124,4.4854070438304916e-05,849.0,1.1227788925170898,,
4878,508.58062267303467,425803,1763260568.8408346,,,,,,,,,,500.0,500.0
4882,509.00324845314026,426240,1763260569.2634604,0.00012571178376674652,-0.00014126300811767578,-0.003695717081427574,0.0,-0.0010711103677749634,0.4922753572463989,4.4316435378277674e-05,849.0,0.0002305339148733765,,
4920,512.5132019519806,430080,1763260572.773414,7.780641317367554e-05,-0.0016475915908813477,0.0006242208182811737,0.0,-0.003947041928768158,0.43947792053222656,4.2012288758996874e-05,851.0,0.0002940146659966558,,
4932,513.59002161026,431303,1763260573.8502336,,,,,,,,,,500.0,500.0
4933,513.6770441532135,431360,1763260573.937256,2.9073096811771393e-05,-8.344650268554688e-07,0.0023570777848362923,0.0,0.00022868439555168152,0.38602152466773987,4.124423867324367e-05,851.0,157.792236328125,,
4939,514.2366037368774,432000,1763260574.4968157,4.898384213447571e-05,-0.0026209354400634766,-0.00063372403383255,0.0,-0.0024287961423397064,0.4107144773006439,4.086021363036707e-05,852.0,0.0008070616750046611,,
4946,514.9444100856781,432768,1763260575.204622,9.573064744472504e-05,0.0007519721984863281,-0.0012436136603355408,0.0,-0.00018619000911712646,0.5011710524559021,4.0399387216893956e-05,852.0,0.0002663049672264606,,
4953,515.5403079986572,433408,1763260575.80052,4.7793611884117126e-05,-1.0728836059570312e-06,0.0035010483115911484,0.0,-0.005514174699783325,0.382546067237854,4.0015362174017355e-05,852.0,0.0017950967885553837,,
4958,515.9882018566132,433920,1763260576.2484138,3.356859087944031e-05,-9.5367431640625e-07,-0.0025266576558351517,0.0,0.0025903433561325073,0.3818880319595337,3.9708142139716074e-05,852.0,0.001640488626435399,,
4963,516.4767191410065,434432,1763260576.736931,5.858950316905975e-06,-0.005376696586608887,-0.0009293360635638237,0.0,7.241964340209961e-05,0.4112168848514557,3.940092210541479e-05,853.0,0.0008715970325283706,,
4971,517.1876418590546,435303,1763260577.4478538,,,,,,,,,,500.0,500.0
4972,517.2642049789429,435328,1763260577.524417,0.00034236442297697067,-1.1920928955078125e-06,-5.8748759329319e-05,0.0,0.00495467334985733,0.48470813035964966,3.886328704538755e-05,853.0,0.008947169408202171,,
4978,517.8824119567871,435968,1763260578.142624,3.117695450782776e-05,-0.005040645599365234,-0.00026636384427547455,0.0,-0.0005565844476222992,0.42501765489578247,3.847926200251095e-05,853.0,0.0008677525911480188,,
4981,518.1480069160461,436303,1763260578.4082189,,,,,,,,,,500.0,500.0
4989,518.9448518753052,437120,1763260579.2050638,0.00014890450984239578,-0.0021445751190185547,0.0034702448174357414,0.0,-0.001253955066204071,0.4809516370296478,3.778801692533307e-05,854.0,0.00031368917552754283,,
4994,519.3940532207489,437632,1763260579.6542652,2.2156164050102234e-06,-0.0026803016662597656,-0.0005572261288762093,0.0,0.00010914122685790062,0.4918430745601654,3.7480800529010594e-05,854.0,0.00036426063161343336,,
5008,520.6973171234131,439040,1763260580.957529,0.00012689083814620972,-0.0011714696884155273,-0.0017513073980808258,0.0,-0.0038623251020908356,0.47293972969055176,3.663594543468207e-05,855.0,0.0008735111332498491,,
5013,521.1489951610565,439552,1763260581.409207,7.33332708477974e-05,-0.001953601837158203,0.0034889811649918556,0.0,-0.0009938254952430725,0.5160780549049377,3.632872540038079e-05,855.0,0.0011884983396157622,,
5015,521.3036594390869,439803,1763260581.5638714,,,,,,,,,,500.0,500.0
5039,523.575690984726,442240,1763260583.835903,2.455897629261017e-05,-0.00022661685943603516,-3.4656375646591187e-05,0.0,-0.00122809037566185,0.5114306807518005,3.4715820220299065e-05,856.0,0.00033938256092369556,,
5071,526.4796671867371,445440,1763260586.7398791,8.635222911834717e-06,-0.0037724971771240234,-0.0006363429129123688,0.0,-0.00033550895750522614,0.34758085012435913,3.2795698643894866e-05,857.0,0.0010092980228364468,,
5117,530.7652761936188,450176,1763260591.0254881,1.4223158359527588e-05,-0.0004596710205078125,-0.0014829505234956741,0.0,-0.00048211216926574707,0.4883744418621063,2.9953916964586824e-05,859.0,0.00037422432797029614,,
5122,531.2873065471649,450688,1763260591.5475185,0.0002879910171031952,-0.00024318695068359375,0.006036330014467239,0.0,-0.007895182818174362,0.4950500726699829,2.9646696930285543e-05,860.0,0.00033523375168442726,,
5127,531.7361710071564,451200,1763260591.996383,1.9544735550880432e-05,-0.00014281272888183594,-0.0014646705240011215,0.0,-0.0006445879116654396,0.48144838213920593,2.9339476895984262e-05,860.0,0.00035465913242660463,,
5128,531.7716274261475,451303,1763260592.0318394,,,,,,,,,,500.0,500.0
5140,532.8988859653473,452480,1763260593.159098,2.621859312057495e-05,-0.0018947124481201172,0.0025957636535167694,0.0,0.0004197061061859131,0.46198132634162903,2.8571428629220463e-05,860.0,0.0007909055566415191,,
5146,533.4946920871735,453120,1763260593.754904,6.845220923423767e-07,-0.0002809762954711914,-7.754471153020859e-05,0.0,-2.251565456390381e-05,0.5026727914810181,2.8187403586343862e-05,861.0,0.00033596059074625373,,
5150,533.831387758255,453504,1763260594.0915997,3.3200718462467194e-05,-0.0031387805938720703,0.00023310724645853043,0.0,0.000920293852686882,0.51131272315979,2.79569885606179e-05,861.0,0.0009432081133127213,,
5151,533.9425323009491,453632,1763260594.2027442,7.447227835655212e-05,-0.0013579130172729492,-0.0013495422899723053,0.0,-0.0018792729824781418,0.41704264283180237,2.788018355204258e-05,861.0,0.0003908606886398047,,
5163,535.0072989463806,454803,1763260595.267511,,,,,,,,,,500.0,500.0
5165,535.2603828907013,455040,1763260595.5205948,1.8571503460407257e-05,-0.000567317008972168,-0.002142404206097126,0.0,-9.624473750591278e-05,0.4472323954105377,2.7035330276703462e-05,861.0,0.0008692025439813733,,
5196,538.1447706222534,458240,1763260598.4049826,2.018176019191742e-06,0.00020676851272583008,-0.0002259267494082451,0.0,0.00045759789645671844,0.5847430229187012,2.511520688130986e-05,863.0,0.00035832711728289723,,
5197,538.1693921089172,458303,1763260598.429604,,,,,,,,,,500.0,500.0
5238,541.9961025714874,462464,1763260602.2563145,1.0984018445014954e-05,-0.0038139820098876953,-0.000141805037856102,0.0,0.0011974293738603592,0.38617923855781555,2.25806452363031e-05,864.0,0.0008763436926528811,,
5239,542.1073098182678,462592,1763260602.3675218,6.552785634994507e-06,-0.00016546249389648438,0.0013703275471925735,0.0,-0.0008897483348846436,0.4153461456298828,2.2503840227727778e-05,864.0,0.00041061488445848227,,
5244,542.5937621593475,463104,1763260602.853974,2.2757798433303833e-05,-0.00034987926483154297,-0.0005835629999637604,0.0,-0.0030858851969242096,0.46502190828323364,2.2196620193426497e-05,865.0,0.00044992423499934375,,
5251,543.1805078983307,463803,1763260603.4407198,,,,,,,,,,500.0,500.0
5255,543.6407461166382,464256,1763260603.900958,8.614733815193176e-05,-0.0012995004653930664,0.0015575960278511047,0.0,0.0007116477936506271,0.41247305274009705,2.150537693523802e-05,865.0,0.00042687225504778326,,
5258,543.8663628101349,464512,1763260604.1265748,1.862645149230957e-06,-0.002309083938598633,8.900836110115051e-05,0.0,0.0001353081315755844,0.4466698169708252,2.1351766918087378e-05,865.0,0.0007609862950630486,,
5267,544.692544221878,465408,1763260604.9527562,3.302376717329025e-05,-9.5367431640625e-07,0.0022262120619416237,0.0,7.19316303730011e-05,0.39831769466400146,2.0814131858060136e-05,866.0,0.0010200467659160495,,
5281,545.967125415802,466816,1763260606.2273374,3.2003968954086304e-05,-2.384185791015625e-07,-0.00033639371395111084,0.0,-0.0010052435100078583,0.49198439717292786,1.9969278582721017e-05,866.0,0.0010696050012484193,,
5300,547.7637374401093,468803,1763260608.0239494,,,,,,,,,,500.0,500.0
5322,549.8472881317139,471040,1763260610.1075,2.360902726650238e-05,-0.0011519193649291992,0.0018195193260908127,0.0,-0.0009392965584993362,0.41934919357299805,1.7434715118724853e-05,868.0,0.0008401743252761662,,
5328,550.4111313819885,471680,1763260610.6713433,3.501772880554199e-07,-1.4185905456542969e-05,-0.00032771192491054535,0.0,-8.98260623216629e-05,0.5303857922554016,1.7050691894837655e-05,868.0,0.00047263814485631883,,
5360,553.4008438587189,474880,1763260613.6610558,2.455059438943863e-05,-1.1920928955078125e-06,-8.324254304170609e-05,0.0,0.0008222013711929321,0.4203355312347412,1.5130568499444053e-05,869.0,145.29588317871094,,
5362,553.6243119239807,475136,1763260613.8845239,3.271736204624176e-06,-7.49826431274414e-05,0.0005255909636616707,0.0,-0.00036445818841457367,0.5283125638961792,1.4976958482293412e-05,869.0,0.000490189588163048,,
5389,556.1015567779541,477824,1763260616.3617687,1.0084360837936401e-05,-5.960464477539062e-07,0.0014063473790884018,0.0,0.0014559440314769745,0.48548221588134766,1.336405512120109e-05,870.0,0.0008601507870480418,,
5430,559.9530844688416,482048,1763260620.2132964,3.855675458908081e-07,-0.0018945932388305664,0.00014258921146392822,0.0,3.614835441112518e-05,0.4031637907028198,1.082949347619433e-05,872.0,0.0007791233947500587,,
5440,560.8930313587189,483072,1763260621.1532433,3.7029385566711426e-05,0.00046056509017944336,0.0008059218525886536,0.0,-0.0024879779666662216,0.42822927236557007,1.0215053407591768e-05,872.0,0.0005721796187572181,,
5441,561.007771730423,483200,1763260621.2679837,1.2322328984737396e-05,-6.866455078125e-05,0.0009203338995575905,0.0,0.0001332201063632965,0.5192937850952148,1.0138248399016447e-05,872.0,0.0005352476146072149,,
5442,561.043612241745,483303,1763260621.3038242,,,,,,,,,,500.0,500.0
5443,561.1229860782623,483328,1763260621.383198,2.9420480132102966e-06,-4.76837158203125e-07,0.00020176824182271957,0.0,-0.00038614869117736816,0.5046213865280151,1.0061444299935829e-05,872.0,0.0008690831600688398,,
5453,562.0654079914093,484352,1763260622.32562,9.266659617424011e-07,-2.384185791015625e-07,-0.0001830989494919777,0.0,9.801611304283142e-05,0.5163295865058899,9.447004231333267e-06,873.0,0.0008700108737684786,,
5454,562.1784172058105,484480,1763260622.4386292,8.717179298400879e-07,-0.0035229921340942383,-0.00010115653276443481,0.0,5.500391125679016e-05,0.4762789011001587,9.370200132252648e-06,873.0,0.0006862502777948976,,
5470,563.723718881607,486144,1763260623.9839308,4.0728598833084106e-05,-0.0005352497100830078,-0.0009187404066324234,0.0,-0.004303233698010445,0.5155779123306274,8.371735930268187e-06,873.0,0.0005804641987197101,,
5494,565.9384689331055,488576,1763260626.1986809,2.9802322387695312e-08,-0.001804947853088379,7.229670882225037e-05,0.0,-8.60355794429779e-06,0.4893109202384949,6.912442586326506e-06,874.0,0.0005580179858952761,,
5509,567.3257722854614,490112,1763260627.5859842,2.1830201148986816e-06,-0.001044631004333496,0.0003405716270208359,0.0,-0.0008578374981880188,0.5092347264289856,5.990783392917365e-06,875.0,0.000588319031521678,,
5518,568.1566781997681,491008,1763260628.4168901,1.9837170839309692e-07,-0.001209259033203125,-2.4652108550071716e-06,0.0,7.43865966796875e-05,0.43768131732940674,5.453148787637474e-06,875.0,0.0007431081030517817,,
5528,569.0930595397949,492032,1763260629.3532715,3.88268381357193e-06,-0.00013053417205810547,-0.0001190556213259697,0.0,-0.00036842189729213715,0.45815861225128174,4.838709628529614e-06,875.0,0.000687924912199378,,
5529,569.2053732872009,492160,1763260629.4655852,5.634501576423645e-07,-0.0001010894775390625,6.02109357714653e-05,0.0,-0.00036232173442840576,0.48417431116104126,4.761904619954294e-06,875.0,0.0006137720192782581,,
5531,569.3263521194458,492303,1763260629.586564,,,,,,,,,,500.0,500.0
5558,571.899683713913,495104,1763260632.1598957,5.189329385757446e-06,-0.0006833076477050781,0.0007457640022039413,0.0,-0.000846298411488533,0.4612894654273987,2.9953916964586824e-06,876.0,0.0006225473480299115,,
5561,572.1271572113037,495360,1763260632.3873692,6.05359673500061e-07,-1.6689300537109375e-06,0.00017626583576202393,0.0,8.875876665115356e-05,0.4461888074874878,2.8417819066817174e-06,876.0,1.2192308902740479,,
5571,573.0658438205719,496384,1763260633.3260558,9.592622518539429e-08,-1.0728836059570312e-06,5.200784653425217e-05,0.0,-7.644295692443848e-05,0.49479520320892334,2.2273425202001818e-06,877.0,1.2271565198898315,,
5582,574.1228036880493,497536,1763260634.3830156,6.51925802230835e-09,-0.001681685447692871,1.8040649592876434e-05,0.0,3.3760443329811096e-05,0.5059559345245361,1.5360983525170013e-06,877.0,0.0006777095841243863,,
5587,574.5755693912506,498048,1763260634.8357813,2.430751919746399e-07,-0.0014445781707763672,-4.1845254600048065e-05,0.0,0.0003702957183122635,0.438301682472229,1.2288786592762335e-06,877.0,0.000676862196996808,,
5591,574.9502093791962,498432,1763260635.2104213,1.5832483768463135e-08,-0.007390022277832031,2.0577572286128998e-05,0.0,-5.3301453590393066e-05,0.3676125407218933,9.984638609239482e-07,878.0,0.0006623829249292612,,
5600,575.7363185882568,499328,1763260635.9965305,1.30385160446167e-08,-3.5762786865234375e-07,3.725290298461914e-06,0.0,-4.7869980335235596e-06,0.5238022804260254,4.6082948301773285e-07,878.0,0.09757556021213531,,
